  273 CAPAK_v2/u_megaprime_sagem.res  cosmos-u  lambda_c= 3.82330e+03  AB-Vega= 0.32
    1   3.18000e+03   3.06383e-06
    2   3.18500e+03   6.12766e-06
    3   3.19000e+03   6.12766e-06
    4   3.19500e+03   6.12766e-06
    5   3.20000e+03   1.53191e-05
    6   3.20500e+03   1.83830e-05
    7   3.21000e+03   1.83830e-05
    8   3.21500e+03   3.06383e-05
    9   3.22000e+03   3.37021e-05
   10   3.22500e+03   4.90213e-05
   11   3.23000e+03   6.43404e-05
   12   3.23500e+03   8.57872e-05
   13   3.24000e+03   1.04170e-04
   14   3.24500e+03   1.28681e-04
   15   3.25000e+03   1.56255e-04
   16   3.25500e+03   2.02213e-04
   17   3.26000e+03   2.32851e-04
   18   3.26500e+03   2.88000e-04
   19   3.27000e+03   3.73787e-04
   20   3.27500e+03   4.65702e-04
   21   3.28000e+03   5.91319e-04
   22   3.28500e+03   7.53702e-04
   23   3.29000e+03   9.89617e-04
   24   3.29500e+03   1.33889e-03
   25   3.30000e+03   1.83523e-03
   26   3.30500e+03   2.55523e-03
   27   3.31000e+03   3.55404e-03
   28   3.31500e+03   5.07370e-03
   29   3.32000e+03   7.35013e-03
   30   3.32500e+03   1.06407e-02
   31   3.33000e+03   1.56225e-02
   32   3.33500e+03   2.27367e-02
   33   3.34000e+03   3.27646e-02
   34   3.34500e+03   4.69685e-02
   35   3.35000e+03   6.51155e-02
   36   3.35500e+03   8.80943e-02
   37   3.36000e+03   1.16012e-01
   38   3.36500e+03   1.46819e-01
   39   3.37000e+03   1.80846e-01
   40   3.37500e+03   2.14811e-01
   41   3.38000e+03   2.46510e-01
   42   3.38500e+03   2.74237e-01
   43   3.39000e+03   2.96781e-01
   44   3.39500e+03   3.12449e-01
   45   3.40000e+03   3.24138e-01
   46   3.40500e+03   3.29665e-01
   47   3.41000e+03   3.31644e-01
   48   3.41500e+03   3.31773e-01
   49   3.42000e+03   3.31096e-01
   50   3.42500e+03   3.31543e-01
   51   3.43000e+03   3.33066e-01
   52   3.43500e+03   3.34840e-01
   53   3.44000e+03   3.37328e-01
   54   3.44500e+03   3.41402e-01
   55   3.45000e+03   3.49445e-01
   56   3.45500e+03   3.64157e-01
   57   3.46000e+03   3.84572e-01
   58   3.46500e+03   4.08090e-01
   59   3.47000e+03   4.29656e-01
   60   3.47500e+03   4.46057e-01
   61   3.48000e+03   4.53805e-01
   62   3.48500e+03   4.54366e-01
   63   3.49000e+03   4.49914e-01
   64   3.49500e+03   4.39276e-01
   65   3.50000e+03   4.43698e-01
   66   3.50500e+03   4.52981e-01
   67   3.51000e+03   4.66664e-01
   68   3.51500e+03   4.82942e-01
   69   3.52000e+03   4.98252e-01
   70   3.52500e+03   5.09741e-01
   71   3.53000e+03   5.18044e-01
   72   3.53500e+03   5.24249e-01
   73   3.54000e+03   5.30965e-01
   74   3.54500e+03   5.38609e-01
   75   3.55000e+03   5.47715e-01
   76   3.55500e+03   5.56174e-01
   77   3.56000e+03   5.62304e-01
   78   3.56500e+03   5.64278e-01
   79   3.57000e+03   5.62620e-01
   80   3.57500e+03   5.57188e-01
   81   3.58000e+03   5.47319e-01
   82   3.58500e+03   5.32662e-01
   83   3.59000e+03   5.16172e-01
   84   3.59500e+03   5.01187e-01
   85   3.60000e+03   4.93540e-01
   86   3.60500e+03   4.97538e-01
   87   3.61000e+03   5.13982e-01
   88   3.61500e+03   5.37926e-01
   89   3.62000e+03   5.63218e-01
   90   3.62500e+03   5.85133e-01
   91   3.63000e+03   6.00621e-01
   92   3.63500e+03   6.11788e-01
   93   3.64000e+03   6.20441e-01
   94   3.64500e+03   6.27965e-01
   95   3.65000e+03   6.33802e-01
   96   3.65500e+03   6.35119e-01
   97   3.66000e+03   6.31881e-01
   98   3.66500e+03   6.25104e-01
   99   3.67000e+03   6.18835e-01
  100   3.67500e+03   6.14004e-01
  101   3.68000e+03   6.10180e-01
  102   3.68500e+03   6.03087e-01
  103   3.69000e+03   5.87318e-01
  104   3.69500e+03   5.62197e-01
  105   3.70000e+03   5.33937e-01
  106   3.70500e+03   5.10477e-01
  107   3.71000e+03   5.02609e-01
  108   3.71500e+03   5.12502e-01
  109   3.72000e+03   5.34568e-01
  110   3.72500e+03   5.58236e-01
  111   3.73000e+03   5.74881e-01
  112   3.73500e+03   5.80338e-01
  113   3.74000e+03   5.80062e-01
  114   3.74500e+03   5.79165e-01
  115   3.75000e+03   5.81061e-01
  116   3.75500e+03   5.83322e-01
  117   3.76000e+03   5.82615e-01
  118   3.76500e+03   5.79226e-01
  119   3.77000e+03   5.79486e-01
  120   3.77500e+03   5.91261e-01
  121   3.78000e+03   6.18042e-01
  122   3.78500e+03   6.56505e-01
  123   3.79000e+03   6.93816e-01
  124   3.79500e+03   7.20582e-01
  125   3.80000e+03   7.32427e-01
  126   3.80500e+03   7.35359e-01
  127   3.81000e+03   7.39529e-01
  128   3.81500e+03   7.52476e-01
  129   3.82000e+03   7.76880e-01
  130   3.82500e+03   8.08204e-01
  131   3.83000e+03   8.38401e-01
  132   3.83500e+03   8.63614e-01
  133   3.84000e+03   8.83434e-01
  134   3.84500e+03   8.99375e-01
  135   3.85000e+03   9.11942e-01
  136   3.85500e+03   9.20723e-01
  137   3.86000e+03   9.24425e-01
  138   3.86500e+03   9.22304e-01
  139   3.87000e+03   9.17304e-01
  140   3.87500e+03   9.09495e-01
  141   3.88000e+03   8.98578e-01
  142   3.88500e+03   8.83783e-01
  143   3.89000e+03   8.64465e-01
  144   3.89500e+03   8.43460e-01
  145   3.90000e+03   8.26817e-01
  146   3.90500e+03   8.19730e-01
  147   3.91000e+03   8.24406e-01
  148   3.91500e+03   8.38622e-01
  149   3.92000e+03   8.56141e-01
  150   3.92500e+03   8.70385e-01
  151   3.93000e+03   8.78020e-01
  152   3.93500e+03   8.79536e-01
  153   3.94000e+03   8.78807e-01
  154   3.94500e+03   8.81136e-01
  155   3.95000e+03   8.89521e-01
  156   3.95500e+03   9.03986e-01
  157   3.96000e+03   9.22326e-01
  158   3.96500e+03   9.40727e-01
  159   3.97000e+03   9.57103e-01
  160   3.97500e+03   9.70051e-01
  161   3.98000e+03   9.79282e-01
  162   3.98500e+03   9.85232e-01
  163   3.99000e+03   9.89197e-01
  164   3.99500e+03   9.91844e-01
  165   4.00000e+03   9.93946e-01
  166   4.00500e+03   9.93122e-01
  167   4.01000e+03   9.92785e-01
  168   4.01500e+03   9.91694e-01
  169   4.02000e+03   9.88422e-01
  170   4.02500e+03   9.81663e-01
  171   4.03000e+03   9.72242e-01
  172   4.03500e+03   9.64221e-01
  173   4.04000e+03   9.59594e-01
  174   4.04500e+03   9.61123e-01
  175   4.05000e+03   9.69873e-01
  176   4.05500e+03   9.82604e-01
  177   4.06000e+03   9.94675e-01
  178   4.06500e+03   1.00000e+00
  179   4.07000e+03   9.95904e-01
  180   4.07500e+03   9.82242e-01
  181   4.08000e+03   9.60072e-01
  182   4.08500e+03   9.33120e-01
  183   4.09000e+03   9.01954e-01
  184   4.09500e+03   8.67600e-01
  185   4.10000e+03   8.28701e-01
  186   4.10500e+03   7.81852e-01
  187   4.11000e+03   7.29078e-01
  188   4.11500e+03   6.69171e-01
  189   4.12000e+03   6.04110e-01
  190   4.12500e+03   5.39782e-01
  191   4.13000e+03   4.76634e-01
  192   4.13500e+03   4.17560e-01
  193   4.14000e+03   3.63873e-01
  194   4.14500e+03   3.14444e-01
  195   4.15000e+03   2.72065e-01
  196   4.15500e+03   2.34184e-01
  197   4.16000e+03   2.00953e-01
  198   4.16500e+03   1.72837e-01
  199   4.17000e+03   1.48565e-01
  200   4.17500e+03   1.28013e-01
  201   4.18000e+03   1.10466e-01
  202   4.18500e+03   9.53555e-02
  203   4.19000e+03   8.25457e-02
  204   4.19500e+03   7.16109e-02
  205   4.20000e+03   6.21161e-02
  206   4.20500e+03   5.40613e-02
  207   4.21000e+03   4.70145e-02
  208   4.21500e+03   4.09848e-02
  209   4.22000e+03   3.59755e-02
  210   4.22500e+03   3.13920e-02
  211   4.23000e+03   2.75469e-02
  212   4.23500e+03   2.41368e-02
  213   4.24000e+03   2.11680e-02
  214   4.24500e+03   1.86373e-02
  215   4.25000e+03   1.63976e-02
  216   4.25500e+03   1.44582e-02
  217   4.26000e+03   1.28129e-02
  218   4.26500e+03   1.14618e-02
  219   4.27000e+03   1.01076e-02
  220   4.27500e+03   9.05668e-03
  221   4.28000e+03   8.15285e-03
  222   4.28500e+03   7.39915e-03
  223   4.29000e+03   6.64544e-03
  224   4.29500e+03   6.19506e-03
  225   4.30000e+03   5.74468e-03
  226   4.30500e+03   5.29123e-03
  227   4.31000e+03   4.83472e-03
  228   4.31500e+03   4.53140e-03
  229   4.32000e+03   4.23115e-03
  230   4.32500e+03   4.08408e-03
  231   4.33000e+03   3.77770e-03
  232   4.33500e+03   3.62757e-03
  233   4.34000e+03   3.48051e-03
  234   4.34500e+03   3.33038e-03
  235   4.35000e+03   3.17719e-03
  236   4.35500e+03   3.02706e-03
  237   4.36000e+03   2.87387e-03
  238   4.36500e+03   2.56136e-03
  239   4.37000e+03   2.40511e-03
  240   4.37500e+03   2.25191e-03
  241   4.38000e+03   2.09566e-03
  242   4.38500e+03   1.93634e-03
  243   4.39000e+03   1.78008e-03
  244   4.39500e+03   1.78621e-03
  245   4.40000e+03   1.62689e-03
  246   4.40500e+03   1.46757e-03
  247   4.41000e+03   1.30825e-03
  248   4.41500e+03   1.31132e-03
  249   4.42000e+03   1.14894e-03
  250   4.42500e+03   1.15200e-03
  251   4.43000e+03   1.15506e-03
  252   4.43500e+03   9.92681e-04
  253   4.44000e+03   9.95744e-04
  254   4.44500e+03   9.98808e-04
  255   4.45000e+03   8.33361e-04
  256   4.45500e+03   8.36425e-04
  257   4.46000e+03   8.36425e-04
  258   4.46500e+03   8.39489e-04
  259   4.47000e+03   6.74042e-04
  260   4.47500e+03   6.74042e-04
  261   4.48000e+03   6.77106e-04
  262   4.48500e+03   5.08596e-04
  263   4.49000e+03   5.08596e-04
  264   4.49500e+03   5.11659e-04
  265   4.50000e+03   3.40085e-04
  266   4.50500e+03   3.43149e-04
  267   4.51000e+03   3.43149e-04
  268   4.51500e+03   1.71574e-04
  269   4.52000e+03   1.71574e-04
  270   4.52500e+03   1.71574e-04
  271   4.53000e+03   1.71574e-04
  272   4.53500e+03   1.71574e-04
  273   4.54000e+03   1.71574e-04
