  186 CAPAK_v2/V_subaru.res  cosmos-v  lambda_c= 5.47783e+03  AB-Vega= 0.01
    1   4.78000e+03   2.56164e-04
    2   4.79000e+03   3.42435e-04
    3   4.80000e+03   4.29154e-04
    4   4.81000e+03   1.03313e-03
    5   4.82000e+03   2.24528e-03
    6   4.83000e+03   5.02414e-03
    7   4.84000e+03   1.02527e-02
    8   4.85000e+03   1.93479e-02
    9   4.86000e+03   3.37440e-02
   10   4.87000e+03   5.40142e-02
   11   4.88000e+03   8.01246e-02
   12   4.89000e+03   1.11863e-01
   13   4.90000e+03   1.48749e-01
   14   4.91000e+03   1.88904e-01
   15   4.92000e+03   2.31812e-01
   16   4.93000e+03   2.76958e-01
   17   4.94000e+03   3.21858e-01
   18   4.95000e+03   3.68304e-01
   19   4.96000e+03   4.15039e-01
   20   4.97000e+03   4.57399e-01
   21   4.98000e+03   4.96967e-01
   22   4.99000e+03   5.33818e-01
   23   5.00000e+03   5.66393e-01
   24   5.01000e+03   5.96266e-01
   25   5.02000e+03   6.22822e-01
   26   5.03000e+03   6.45314e-01
   27   5.04000e+03   6.64341e-01
   28   5.05000e+03   6.79984e-01
   29   5.06000e+03   6.95780e-01
   30   5.07000e+03   7.10460e-01
   31   5.08000e+03   7.26030e-01
   32   5.09000e+03   7.42784e-01
   33   5.10000e+03   7.51930e-01
   34   5.11000e+03   7.60159e-01
   35   5.12000e+03   7.75470e-01
   36   5.13000e+03   7.87761e-01
   37   5.14000e+03   7.99510e-01
   38   5.15000e+03   8.08956e-01
   39   5.16000e+03   8.16378e-01
   40   5.17000e+03   8.25117e-01
   41   5.18000e+03   8.31355e-01
   42   5.19000e+03   8.35076e-01
   43   5.20000e+03   8.38231e-01
   44   5.21000e+03   8.43757e-01
   45   5.22000e+03   8.51364e-01
   46   5.23000e+03   8.60615e-01
   47   5.24000e+03   8.70664e-01
   48   5.25000e+03   8.77133e-01
   49   5.26000e+03   8.83919e-01
   50   5.27000e+03   8.91485e-01
   51   5.28000e+03   9.00444e-01
   52   5.29000e+03   9.09525e-01
   53   5.30000e+03   9.15164e-01
   54   5.31000e+03   9.20629e-01
   55   5.32000e+03   9.23975e-01
   56   5.33000e+03   9.24609e-01
   57   5.34000e+03   9.26706e-01
   58   5.35000e+03   9.31049e-01
   59   5.36000e+03   9.35189e-01
   60   5.37000e+03   9.35354e-01
   61   5.38000e+03   9.36100e-01
   62   5.39000e+03   9.40846e-01
   63   5.40000e+03   9.46200e-01
   64   5.41000e+03   9.47464e-01
   65   5.42000e+03   9.47450e-01
   66   5.43000e+03   9.50276e-01
   67   5.44000e+03   9.52330e-01
   68   5.45000e+03   9.52893e-01
   69   5.46000e+03   9.54279e-01
   70   5.47000e+03   9.57121e-01
   71   5.48000e+03   9.59184e-01
   72   5.49000e+03   9.62732e-01
   73   5.50000e+03   9.67890e-01
   74   5.51000e+03   9.70470e-01
   75   5.52000e+03   9.72953e-01
   76   5.53000e+03   9.76330e-01
   77   5.54000e+03   9.78535e-01
   78   5.55000e+03   9.81522e-01
   79   5.56000e+03   9.84429e-01
   80   5.57000e+03   9.85928e-01
   81   5.58000e+03   9.85206e-01
   82   5.59000e+03   9.83560e-01
   83   5.60000e+03   9.82118e-01
   84   5.61000e+03   9.78605e-01
   85   5.62000e+03   9.74671e-01
   86   5.63000e+03   9.69883e-01
   87   5.64000e+03   9.67648e-01
   88   5.65000e+03   9.67227e-01
   89   5.66000e+03   9.64863e-01
   90   5.67000e+03   9.64953e-01
   91   5.68000e+03   9.67903e-01
   92   5.69000e+03   9.72202e-01
   93   5.70160e+03   9.92359e-01
   94   5.71100e+03   9.96074e-01
   95   5.72040e+03   9.98763e-01
   96   5.72970e+03   1.00000e+00
   97   5.73910e+03   9.99585e-01
   98   5.74840e+03   9.97483e-01
   99   5.75780e+03   9.94038e-01
  100   5.76720e+03   9.89336e-01
  101   5.77650e+03   9.83702e-01
  102   5.78590e+03   9.77917e-01
  103   5.79530e+03   9.72712e-01
  104   5.80460e+03   9.68701e-01
  105   5.81400e+03   9.65481e-01
  106   5.82340e+03   9.61967e-01
  107   5.83270e+03   9.56940e-01
  108   5.84210e+03   9.48838e-01
  109   5.85150e+03   9.35784e-01
  110   5.86080e+03   9.15640e-01
  111   5.87020e+03   8.86627e-01
  112   5.87960e+03   8.48419e-01
  113   5.88890e+03   8.01661e-01
  114   5.89830e+03   7.47421e-01
  115   5.90770e+03   6.87381e-01
  116   5.91700e+03   6.23746e-01
  117   5.92640e+03   5.58998e-01
  118   5.93580e+03   4.95572e-01
  119   5.94510e+03   4.35370e-01
  120   5.95450e+03   3.79701e-01
  121   5.96390e+03   3.29298e-01
  122   5.97320e+03   2.84419e-01
  123   5.98260e+03   2.44911e-01
  124   5.99200e+03   2.10398e-01
  125   6.00130e+03   1.80504e-01
  126   6.01070e+03   1.54816e-01
  127   6.02010e+03   1.32590e-01
  128   6.02940e+03   1.13328e-01
  129   6.03880e+03   9.66890e-02
  130   6.04820e+03   8.23590e-02
  131   6.05750e+03   7.00378e-02
  132   6.06690e+03   5.94889e-02
  133   6.07620e+03   5.04599e-02
  134   6.08560e+03   4.27542e-02
  135   6.09500e+03   3.62591e-02
  136   6.10430e+03   3.07576e-02
  137   6.11370e+03   2.61270e-02
  138   6.12310e+03   2.22646e-02
  139   6.13240e+03   1.90197e-02
  140   6.14180e+03   1.62852e-02
  141   6.15120e+03   1.40192e-02
  142   6.16050e+03   1.21239e-02
  143   6.16990e+03   1.05460e-02
  144   6.17930e+03   9.19744e-03
  145   6.18860e+03   8.05695e-03
  146   6.19800e+03   7.11493e-03
  147   6.20740e+03   6.30016e-03
  148   6.21670e+03   5.59521e-03
  149   6.22610e+03   4.97913e-03
  150   6.23550e+03   4.46368e-03
  151   6.24480e+03   4.01506e-03
  152   6.25420e+03   3.64485e-03
  153   6.26360e+03   3.29659e-03
  154   6.27290e+03   3.01578e-03
  155   6.28230e+03   2.77990e-03
  156   6.29170e+03   2.56633e-03
  157   6.30100e+03   2.37521e-03
  158   6.31040e+03   2.19607e-03
  159   6.31980e+03   2.02775e-03
  160   6.32910e+03   1.85892e-03
  161   6.33850e+03   1.72397e-03
  162   6.34790e+03   1.58863e-03
  163   6.35720e+03   1.47586e-03
  164   6.36660e+03   1.35119e-03
  165   6.37600e+03   1.24927e-03
  166   6.38530e+03   1.14699e-03
  167   6.39470e+03   1.06760e-03
  168   6.40410e+03   9.87732e-04
  169   6.41340e+03   8.95742e-04
  170   6.42280e+03   8.03553e-04
  171   6.43210e+03   7.11162e-04
  172   6.44150e+03   6.41904e-04
  173   6.45090e+03   5.95864e-04
  174   6.46020e+03   5.38027e-04
  175   6.46960e+03   4.80062e-04
  176   6.47900e+03   4.45418e-04
  177   6.48830e+03   4.34161e-04
  178   6.49770e+03   4.11131e-04
  179   6.50710e+03   3.76013e-04
  180   6.51640e+03   3.17280e-04
  181   6.52580e+03   2.46794e-04
  182   6.53520e+03   1.99799e-04
  183   6.54450e+03   1.52796e-04
  184   6.55390e+03   9.40353e-05
  185   6.56330e+03   4.70205e-05
  186   6.57260e+03   1.17559e-05
