2176 VISTA_Filters_at80K_forETC_Ks.dat
1	5000	0
2	5010	0
3	5020	0
4	5030	0.0003
5	5040	0.0001
6	5050	0.0001
7	5060	0.0002
8	5070	0.0002
9	5080	0.0001
10	5090	0.0002
11	5100	0.0002
12	5110	0.0001
13	5120	0
14	5130	0
15	5140	0
16	5150	0
17	5160	0
18	5170	0
19	5180	0
20	5190	0
21	5200	0
22	5210	0
23	5220	0.0001
24	5230	0.0002
25	5240	0.0002
26	5250	0.0001
27	5260	0
28	5270	0.0001
29	5280	0
30	5290	0.0001
31	5300	0.0001
32	5310	0
33	5320	0
34	5330	0
35	5340	0
36	5350	0
37	5360	0
38	5370	0
39	5380	0
40	5390	0
41	5400	0
42	5410	0
43	5420	0
44	5430	0.0001
45	5440	0
46	5450	0
47	5460	0
48	5470	0
49	5480	0
50	5490	0
51	5500	0
52	5510	0
53	5520	0
54	5530	0
55	5540	0
56	5550	0
57	5560	0
58	5570	0
59	5580	0.0001
60	5590	0.0001
61	5600	0
62	5610	0
63	5620	0
64	5630	0
65	5640	0
66	5650	0.0001
67	5660	0
68	5670	0
69	5680	0
70	5690	0
71	5700	0
72	5710	0
73	5720	0
74	5730	0
75	5740	0
76	5750	0
77	5760	0
78	5770	0
79	5780	0
80	5790	0
81	5800	0
82	5810	0.0001
83	5820	0.0001
84	5830	0.0001
85	5840	0
86	5850	0
87	5860	0
88	5870	0
89	5880	0.0001
90	5890	0.0002
91	5900	0.0002
92	5910	0.0003
93	5920	0.0002
94	5930	0.0001
95	5940	0.0002
96	5950	0.0002
97	5960	0.0003
98	5970	0.0005
99	5980	0.0003
100	5990	0
101	6000	0
102	6010	0.0001
103	6020	0.0001
104	6030	0
105	6040	0
106	6050	0
107	6060	0.0001
108	6070	0
109	6080	0.0001
110	6090	0
111	6100	0
112	6110	0
113	6120	0
114	6130	0.0001
115	6140	0
116	6150	0
117	6160	0
118	6170	0
119	6180	0
120	6190	0.0001
121	6200	0.0002
122	6210	0.0002
123	6220	0.0001
124	6230	0.0004
125	6240	0.0001
126	6250	0.0001
127	6260	0.0001
128	6270	0
129	6280	0
130	6290	0
131	6300	0.0001
132	6310	0.0001
133	6320	0
134	6330	0
135	6340	0
136	6350	0
137	6360	0.0002
138	6370	0
139	6380	0.0001
140	6390	0.0002
141	6400	0
142	6410	0.0004
143	6420	0.0006
144	6430	0.0003
145	6440	0.0001
146	6450	0
147	6460	0
148	6470	0
149	6480	0
150	6490	0.0001
151	6500	0
152	6510	0
153	6520	0
154	6530	0
155	6540	0
156	6550	0
157	6560	0
158	6570	0
159	6580	0
160	6590	0
161	6600	0
162	6610	0
163	6620	0.0001
164	6630	0.0004
165	6640	0
166	6650	0.0001
167	6660	0.0003
168	6670	0.0001
169	6680	0.0002
170	6690	0.0002
171	6700	0.0004
172	6710	0
173	6720	0.0001
174	6730	0
175	6740	0
176	6750	0
177	6760	0.0001
178	6770	0.0001
179	6780	0
180	6790	0
181	6800	0
182	6810	0
183	6820	0
184	6830	0
185	6840	0
186	6850	0.0001
187	6860	0
188	6870	0.0001
189	6880	0.0004
190	6890	0.0003
191	6900	0
192	6910	0.0002
193	6920	0.0001
194	6930	0
195	6940	0
196	6950	0
197	6960	0
198	6970	0
199	6980	0
200	6990	0
201	7000	0.0001
202	7010	0.0001
203	7020	0
204	7030	0
205	7040	0.0001
206	7050	0
207	7060	0
208	7070	0
209	7080	0.0004
210	7090	0.0005
211	7100	0.0002
212	7110	0.0001
213	7120	0
214	7130	0
215	7140	0.0001
216	7150	0
217	7160	0.0002
218	7170	0.0003
219	7180	0.0001
220	7190	0
221	7200	0
222	7210	0
223	7220	0.0001
224	7230	0
225	7240	0
226	7250	0
227	7260	0.0002
228	7270	0.0001
229	7280	0
230	7290	0.0002
231	7300	0.0002
232	7310	0.0003
233	7320	0.0004
234	7330	0
235	7340	0
236	7350	0
237	7360	0
238	7370	0.0002
239	7380	0.0003
240	7390	0
241	7400	0
242	7410	0
243	7420	0
244	7430	0
245	7440	0
246	7450	0
247	7460	0
248	7470	0
249	7480	0
250	7490	0
251	7500	0
252	7510	0
253	7520	0
254	7530	0
255	7540	0.0001
256	7550	0
257	7560	0
258	7570	0.0001
259	7580	0.0001
260	7590	0
261	7600	0
262	7610	0
263	7620	0
264	7630	0
265	7640	0
266	7650	0.0001
267	7660	0.0001
268	7670	0
269	7680	0
270	7690	0.0001
271	7700	0.0001
272	7710	0
273	7720	0
274	7730	0
275	7740	0
276	7750	0
277	7760	0
278	7770	0.0001
279	7780	0.0001
280	7790	0
281	7800	0
282	7810	0
283	7820	0.0001
284	7830	0.0001
285	7840	0
286	7850	0
287	7860	0
288	7870	0
289	7880	0
290	7890	0
291	7900	0
292	7910	0.0004
293	7920	0.0003
294	7930	0.0002
295	7940	0.0002
296	7950	0.0004
297	7960	0.0002
298	7970	0.0001
299	7980	0.0004
300	7990	0.0005
301	8000	0.0004
302	8010	0.0004
303	8020	0
304	8030	0
305	8040	0.0003
306	8050	0.0003
307	8060	0.0002
308	8070	0.0008
309	8080	0.0018
310	8090	0.002
311	8100	0.0007
312	8110	0.0003
313	8120	0.0001
314	8130	0.0003
315	8140	0.0002
316	8150	0
317	8160	0.0001
318	8170	0.0001
319	8180	0.0002
320	8190	0
321	8200	0.0002
322	8210	0.0001
323	8220	0
324	8230	0
325	8240	0
326	8250	0
327	8260	0
328	8270	0
329	8280	0.0001
330	8290	0
331	8300	-0.001
332	8310	-0.001
333	8320	-0.001
334	8330	-0.001
335	8340	-0.001
336	8350	0
337	8360	-0.001
338	8370	-0.001
339	8380	-0.002
340	8390	-0.001
341	8400	-0.002
342	8410	-0.003
343	8420	-0.003
344	8430	-0.002
345	8440	-0.003
346	8450	-0.002
347	8460	-0.003
348	8470	-0.001
349	8480	-0.002
350	8490	-0.003
351	8500	-0.004
352	8510	-0.005
353	8520	0
354	8530	0
355	8540	0.0053
356	8550	0.0109
357	8560	0.0213
358	8570	0.0273
359	8580	0.0379
360	8590	0.0369
361	8600	0.0023
362	8610	0
363	8620	0.0016
364	8630	-0.001
365	8640	-0.001
366	8650	-0.002
367	8660	-0.003
368	8670	-0.002
369	8680	-0.002
370	8690	-0.005
371	8700	-0.005
372	8710	0
373	8720	-0.003
374	8730	-0.003
375	8740	0.0006
376	8750	0.0015
377	8760	0.0021
378	8770	0
379	8780	0
380	8790	-0.001
381	8800	-0.001
382	8810	0.0023
383	8820	0.0009
384	8830	0.0004
385	8840	0.0013
386	8850	0.0002
387	8860	0.0004
388	8870	-0.001
389	8880	0
390	8890	0.001
391	8900	0.0008
392	8910	0.0008
393	8920	0
394	8930	0
395	8940	-0.001
396	8950	0
397	8960	0.0001
398	8970	0.0019
399	8980	0
400	8990	0.0004
401	9000	0.0003
402	9010	0.0002
403	9020	-0.003
404	9030	0.0019
405	9040	0.0021
406	9050	0.0006
407	9060	0
408	9070	0
409	9080	0.0013
410	9090	0
411	9100	0.0001
412	9110	0.0006
413	9120	0.0009
414	9130	0.0008
415	9140	0.0009
416	9150	0.0007
417	9160	0.0009
418	9170	0
419	9180	0.0001
420	9190	0.0013
421	9200	0
422	9210	0
423	9220	0.0004
424	9230	0.0005
425	9240	0
426	9250	0
427	9260	0.0002
428	9270	0
429	9280	0.0004
430	9290	0.0007
431	9300	0.0001
432	9310	0.0008
433	9320	0.0001
434	9330	0.0011
435	9340	0.0009
436	9350	-0.001
437	9360	0
438	9370	0
439	9380	0
440	9390	0
441	9400	0
442	9410	0.0003
443	9420	0
444	9430	0
445	9440	0.001
446	9450	0.0009
447	9460	0.0009
448	9470	0
449	9480	0
450	9490	0.001
451	9500	0.0006
452	9510	0.0004
453	9520	0.0008
454	9530	0.0008
455	9540	0.0004
456	9550	0.0001
457	9560	0.0007
458	9570	0
459	9580	0.0002
460	9590	0
461	9600	0
462	9610	0
463	9620	0.0004
464	9630	0.0013
465	9640	0.0007
466	9650	0.0006
467	9660	0.0016
468	9670	0.0003
469	9680	-0.001
470	9690	0.0007
471	9700	0
472	9710	0.0008
473	9720	0.0006
474	9730	0
475	9740	0
476	9750	0.0007
477	9760	0.0002
478	9770	0
479	9780	-0.001
480	9790	0
481	9800	0
482	9810	0
483	9820	0.0008
484	9830	0.0009
485	9840	0.0001
486	9850	0
487	9860	0
488	9870	0
489	9880	0
490	9890	0.0001
491	9900	0
492	9910	0
493	9920	0.0001
494	9930	0.0003
495	9940	0
496	9950	0.0004
497	9960	0.0001
498	9970	0.0005
499	9980	0.0007
500	9990	-0.001
501	10000	0
502	10010	0
503	10020	0
504	10030	0.0003
505	10040	0.0006
506	10050	0
507	10060	0.0002
508	10070	0.0015
509	10080	0.0016
510	10090	0.0016
511	10100	0
512	10110	0
513	10120	0
514	10130	0
515	10140	0
516	10150	0
517	10160	0.0001
518	10170	0
519	10180	0
520	10190	0.0011
521	10200	0.0016
522	10210	0.0004
523	10220	0
524	10230	0.0001
525	10240	0
526	10250	0
527	10260	0
528	10270	0.0003
529	10280	0.0008
530	10290	0.0003
531	10300	0
532	10310	0
533	10320	0.0007
534	10330	0.0006
535	10340	0
536	10350	0
537	10360	0
538	10370	0
539	10380	0
540	10390	0
541	10400	0.0002
542	10410	0.0012
543	10420	0.0015
544	10430	0.001
545	10440	0.0008
546	10450	0.0008
547	10460	0.0007
548	10470	0.001
549	10480	0.0005
550	10490	0
551	10500	0.0004
552	10510	0.0008
553	10520	0.0002
554	10530	0
555	10540	0
556	10550	0
557	10560	0.0006
558	10570	0.001
559	10580	0.0007
560	10590	0.0002
561	10600	0
562	10610	0
563	10620	0
564	10630	0
565	10640	0
566	10650	0
567	10660	0
568	10670	0
569	10680	0.0002
570	10690	0.0009
571	10700	0.0022
572	10710	0.0012
573	10720	0.0003
574	10730	0.0006
575	10740	0.001
576	10750	0.0007
577	10760	0
578	10770	0
579	10780	0.0011
580	10790	0.0015
581	10800	0.0009
582	10810	0.0008
583	10820	0.0008
584	10830	0.0017
585	10840	0.0018
586	10850	0.0026
587	10860	0.0028
588	10870	0.002
589	10880	0.0019
590	10890	0.0021
591	10900	0.001
592	10910	0.002
593	10920	0.0023
594	10930	0.0027
595	10940	0.003
596	10950	0.0028
597	10960	0.0031
598	10970	0.0028
599	10980	0.0036
600	10990	0.0041
601	11000	0.0041
602	11010	0.0034
603	11020	0.0046
604	11030	0.0047
605	11040	0.004
606	11050	0.0046
607	11060	0.0045
608	11070	0.005
609	11080	0.0058
610	11090	0.0066
611	11100	0.0063
612	11110	0.0069
613	11120	0.0078
614	11130	0.0083
615	11140	0.0082
616	11150	0.0087
617	11160	0.0097
618	11170	0.0098
619	11180	0.0108
620	11190	0.013
621	11200	0.0142
622	11210	0.0154
623	11220	0.0178
624	11230	0.0196
625	11240	0.0225
626	11250	0.0253
627	11260	0.0297
628	11270	0.0339
629	11280	0.0388
630	11290	0.0449
631	11300	0.0517
632	11310	0.0592
633	11320	0.0677
634	11330	0.0736
635	11340	0.0836
636	11350	0.0932
637	11360	0.1032
638	11370	0.1147
639	11380	0.1255
640	11390	0.1383
641	11400	0.151
642	11410	0.1668
643	11420	0.1829
644	11430	0.2015
645	11440	0.2206
646	11450	0.2465
647	11460	0.273
648	11470	0.3039
649	11480	0.3387
650	11490	0.3771
651	11500	0.4206
652	11510	0.4674
653	11520	0.5163
654	11530	0.5676
655	11540	0.617
656	11550	0.6674
657	11560	0.7137
658	11570	0.755
659	11580	0.7868
660	11590	0.8204
661	11600	0.8362
662	11610	0.8419
663	11620	0.8411
664	11630	0.8285
665	11640	0.8086
666	11650	0.7862
667	11660	0.7566
668	11670	0.7302
669	11680	0.6928
670	11690	0.6631
671	11700	0.6332
672	11710	0.6044
673	11720	0.5793
674	11730	0.5579
675	11740	0.5418
676	11750	0.5273
677	11760	0.5167
678	11770	0.5107
679	11780	0.5076
680	11790	0.5094
681	11800	0.5167
682	11810	0.5281
683	11820	0.5456
684	11830	0.5671
685	11840	0.5956
686	11850	0.6302
687	11860	0.6708
688	11870	0.7163
689	11880	0.7609
690	11890	0.7981
691	11900	0.8389
692	11910	0.8662
693	11920	0.8776
694	11930	0.8728
695	11940	0.8512
696	11950	0.8086
697	11960	0.7479
698	11970	0.6756
699	11980	0.5953
700	11990	0.5115
701	12000	0.4294
702	12010	0.3544
703	12020	0.2884
704	12030	0.2361
705	12040	0.1824
706	12050	0.1437
707	12060	0.1135
708	12070	0.0904
709	12080	0.0728
710	12090	0.058
711	12100	0.0475
712	12110	0.0381
713	12120	0.0322
714	12130	0.0268
715	12140	0.0224
716	12150	0.0185
717	12160	0.0141
718	12170	0.0116
719	12180	0.0104
720	12190	0.0084
721	12200	0.0072
722	12210	0.0074
723	12220	0.0057
724	12230	0.005
725	12240	0.0051
726	12250	0.0053
727	12260	0.0046
728	12270	0.0047
729	12280	0.0043
730	12290	0.004
731	12300	0.0037
732	12310	0.0036
733	12320	0.0025
734	12330	0.0025
735	12340	0.0022
736	12350	0.0016
737	12360	0.0015
738	12370	0.0003
739	12380	0.001
740	12390	0.0019
741	12400	0.0015
742	12410	0.0006
743	12420	0.001
744	12430	0.0002
745	12440	0.0002
746	12450	0
747	12460	0.0003
748	12470	0.0009
749	12480	0.0005
750	12490	0.0005
751	12500	0.0005
752	12510	0.0009
753	12520	0.0002
754	12530	0
755	12540	0.0002
756	12550	0.0005
757	12560	0.0004
758	12570	0
759	12580	0
760	12590	-0.001
761	12600	-0.002
762	12610	-0.001
763	12620	0
764	12630	0.001
765	12640	0.001
766	12650	0.0002
767	12660	0.0002
768	12670	0.0013
769	12680	0.0018
770	12690	0.0017
771	12700	0.0015
772	12710	0.0012
773	12720	0.0011
774	12730	0.0012
775	12740	0.0002
776	12750	0
777	12760	0
778	12770	-0.001
779	12780	-0.001
780	12790	-0.001
781	12800	-0.002
782	12810	-0.001
783	12820	0
784	12830	0
785	12840	0
786	12850	0.0002
787	12860	0.0007
788	12870	0.0016
789	12880	0.0023
790	12890	0.0018
791	12900	0.0013
792	12910	0.001
793	12920	0
794	12930	0
795	12940	0
796	12950	0
797	12960	0
798	12970	0
799	12980	-0.001
800	12990	-0.001
801	13000	0
802	13010	0
803	13020	0.0001
804	13030	0.0007
805	13040	0.0002
806	13050	0.0002
807	13060	0.0015
808	13070	0.0019
809	13080	0.0008
810	13090	0
811	13100	0
812	13110	-0.001
813	13120	0
814	13130	0.0006
815	13140	0.0008
816	13150	0
817	13160	0
818	13170	0
819	13180	0
820	13190	0.0001
821	13200	0.0004
822	13210	0.0002
823	13220	0
824	13230	0.0011
825	13240	0.0018
826	13250	0.0012
827	13260	0.0004
828	13270	0
829	13280	0
830	13290	0
831	13300	0.0003
832	13310	0.0007
833	13320	0
834	13330	0
835	13340	0.0004
836	13350	0.0003
837	13360	0.0002
838	13370	0.0007
839	13380	0.0012
840	13390	0.0007
841	13400	0
842	13410	0
843	13420	0
844	13430	0
845	13440	0.0002
846	13450	0.0001
847	13460	0
848	13470	0
849	13480	0
850	13490	0
851	13500	0.0001
852	13510	0
853	13520	0
854	13530	0
855	13540	-0.001
856	13550	0
857	13560	0
858	13570	0.0001
859	13580	0.0008
860	13590	0.0008
861	13600	0
862	13610	0
863	13620	0
864	13630	0
865	13640	0.0004
866	13650	0.0001
867	13660	0
868	13670	0
869	13680	0
870	13690	0
871	13700	0
872	13710	0.0001
873	13720	0.0007
874	13730	0.0003
875	13740	0.0003
876	13750	0.0002
877	13760	0
878	13770	0
879	13780	0
880	13790	0
881	13800	-0.001
882	13810	-0.001
883	13820	-0.001
884	13830	0
885	13840	0.0001
886	13850	0.001
887	13860	0.0003
888	13870	0.0003
889	13880	0.0007
890	13890	0.0006
891	13900	0.0003
892	13910	0.0009
893	13920	0.0004
894	13930	0.0004
895	13940	0.0003
896	13950	0.0002
897	13960	0.0002
898	13970	0.0006
899	13980	0.0002
900	13990	0
901	14000	0
902	14010	0.0008
903	14020	0.001
904	14030	0
905	14040	0
906	14050	-0.001
907	14060	-0.001
908	14070	0.0002
909	14080	0.0009
910	14090	0.0006
911	14100	0
912	14110	0
913	14120	0.0005
914	14130	0.0007
915	14140	0.0014
916	14150	0
917	14160	-0.001
918	14170	0
919	14180	0
920	14190	-0.001
921	14200	0.0005
922	14210	0
923	14220	0
924	14230	0
925	14240	0
926	14250	-0.001
927	14260	0
928	14270	0.0007
929	14280	0
930	14290	0.0001
931	14300	0.0012
932	14310	0.0011
933	14320	0.0011
934	14330	0.0017
935	14340	0.0017
936	14350	0.0017
937	14360	0.0013
938	14370	0.0012
939	14380	0.0006
940	14390	0.0008
941	14400	0.0006
942	14410	0
943	14420	0.0001
944	14430	0.0007
945	14440	0
946	14450	0
947	14460	-0.001
948	14470	0
949	14480	0.001
950	14490	0.0009
951	14500	0
952	14510	-0.001
953	14520	0
954	14530	0
955	14540	0
956	14550	-0.001
957	14560	0
958	14570	0.0007
959	14580	0
960	14590	0.0007
961	14600	0.0001
962	14610	0
963	14620	0
964	14630	0
965	14640	0.0005
966	14650	0
967	14660	0
968	14670	0.0008
969	14680	0.0007
970	14690	0.001
971	14700	0.0012
972	14710	0.0014
973	14720	0.001
974	14730	0.0008
975	14740	0.0014
976	14750	0.0005
977	14760	0.0001
978	14770	0
979	14780	0.0001
980	14790	0
981	14800	0
982	14810	0.0002
983	14820	0.0005
984	14830	0
985	14840	0
986	14850	0.0001
987	14860	0
988	14870	0
989	14880	0
990	14890	0.0009
991	14900	0.0004
992	14910	0
993	14920	0
994	14930	0.0003
995	14940	0.0002
996	14950	0
997	14960	0
998	14970	0.0002
999	14980	0
1000	14990	0.0002
1001	15000	0.0004
1002	15010	0.0001
1003	15020	0
1004	15030	0
1005	15040	0
1006	15050	0
1007	15060	-0.001
1008	15070	0
1009	15080	0
1010	15090	0
1011	15100	0
1012	15110	0.0007
1013	15120	0.0004
1014	15130	0.0001
1015	15140	0
1016	15150	0
1017	15160	0
1018	15170	-0.001
1019	15180	-0.001
1020	15190	-0.001
1021	15200	-0.001
1022	15210	-0.001
1023	15220	-0.001
1024	15230	0
1025	15240	0.0005
1026	15250	0.0009
1027	15260	0.0004
1028	15270	0
1029	15280	0
1030	15290	0.0001
1031	15300	0
1032	15310	0
1033	15320	0.0003
1034	15330	0.0007
1035	15340	0.001
1036	15350	0.0011
1037	15360	0.0008
1038	15370	0.0004
1039	15380	0.0006
1040	15390	0
1041	15400	0.0005
1042	15410	0
1043	15420	-0.001
1044	15430	0
1045	15440	0.0006
1046	15450	0
1047	15460	0
1048	15470	0
1049	15480	0
1050	15490	0
1051	15500	0
1052	15510	0.0002
1053	15520	0
1054	15530	0.0003
1055	15540	0.0007
1056	15550	0.0007
1057	15560	0.0003
1058	15570	0
1059	15580	0
1060	15590	0
1061	15600	0
1062	15610	0
1063	15620	0
1064	15630	0
1065	15640	0.0001
1066	15650	0
1067	15660	0
1068	15670	0.0005
1069	15680	0.001
1070	15690	0.0009
1071	15700	0.0014
1072	15710	0.0012
1073	15720	0.0003
1074	15730	0
1075	15740	0
1076	15750	0
1077	15760	-0.001
1078	15770	-0.001
1079	15780	-0.001
1080	15790	0
1081	15800	0
1082	15810	0
1083	15820	0
1084	15830	0
1085	15840	0.0001
1086	15850	0.0001
1087	15860	0
1088	15870	-0.001
1089	15880	0
1090	15890	0
1091	15900	0
1092	15910	0
1093	15920	0.0005
1094	15930	0.0009
1095	15940	0.0005
1096	15950	0.0007
1097	15960	0.0009
1098	15970	0.0006
1099	15980	0.0001
1100	15990	0.0002
1101	16000	0.0005
1102	16010	0.0007
1103	16020	0.0006
1104	16030	0.0005
1105	16040	0.0008
1106	16050	0.0003
1107	16060	0
1108	16070	0
1109	16080	0.0003
1110	16090	0.0002
1111	16100	0
1112	16110	0
1113	16120	0.0001
1114	16130	0
1115	16140	0.0002
1116	16150	0.0005
1117	16160	0.0009
1118	16170	0
1119	16180	0
1120	16190	0
1121	16200	0.0004
1122	16210	0.0005
1123	16220	0.0013
1124	16230	0.0015
1125	16240	0
1126	16250	0
1127	16260	0
1128	16270	0.0002
1129	16280	0.0003
1130	16290	0.0001
1131	16300	0.0002
1132	16310	0.0004
1133	16320	0.0007
1134	16330	0
1135	16340	0
1136	16350	0
1137	16360	0
1138	16370	0
1139	16380	0
1140	16390	0.0005
1141	16400	0.0005
1142	16410	0
1143	16420	0
1144	16430	-0.001
1145	16440	0
1146	16450	0
1147	16460	0
1148	16470	0.0001
1149	16480	0.001
1150	16490	0.0008
1151	16500	0.0004
1152	16510	0.0001
1153	16520	0
1154	16530	0.0004
1155	16540	0.0002
1156	16550	0
1157	16560	0
1158	16570	0
1159	16580	0.0001
1160	16590	0.0004
1161	16600	0.0007
1162	16610	0
1163	16620	0
1164	16630	0
1165	16640	-0.001
1166	16650	-0.001
1167	16660	0
1168	16670	0.0001
1169	16680	0
1170	16690	0
1171	16700	0
1172	16710	0.0004
1173	16720	0.0009
1174	16730	0.0009
1175	16740	0.0001
1176	16750	0.0006
1177	16760	0.0007
1178	16770	0
1179	16780	0
1180	16790	0
1181	16800	0.001
1182	16810	0.0011
1183	16820	0.0012
1184	16830	0.0001
1185	16840	0
1186	16850	0.0001
1187	16860	-0.001
1188	16870	-0.001
1189	16880	0
1190	16890	0.0004
1191	16900	0
1192	16910	0
1193	16920	0
1194	16930	0
1195	16940	0
1196	16950	0
1197	16960	0.001
1198	16970	0.0001
1199	16980	0.0007
1200	16990	0.0002
1201	17000	0
1202	17010	0.0008
1203	17020	0.0001
1204	17030	0
1205	17040	0
1206	17050	0.0007
1207	17060	0
1208	17070	0
1209	17080	0.0005
1210	17090	0
1211	17100	0.0004
1212	17110	0.0008
1213	17120	0.0011
1214	17130	0.0004
1215	17140	0
1216	17150	0.0003
1217	17160	0
1218	17170	0.0005
1219	17180	0.0003
1220	17190	0.0004
1221	17200	0
1222	17210	0
1223	17220	-0.001
1224	17230	0
1225	17240	0
1226	17250	0
1227	17260	-0.001
1228	17270	0
1229	17280	-0.001
1230	17290	-0.001
1231	17300	0
1232	17310	0
1233	17320	0
1234	17330	0
1235	17340	0
1236	17350	0.0008
1237	17360	0
1238	17370	0.0005
1239	17380	0
1240	17390	-0.001
1241	17400	0
1242	17410	0
1243	17420	0
1244	17430	0.001
1245	17440	0
1246	17450	0
1247	17460	0.0003
1248	17470	0.0011
1249	17480	0.0009
1250	17490	0.0008
1251	17500	0.0008
1252	17510	0.001
1253	17520	0.0005
1254	17530	0.0009
1255	17540	0.0011
1256	17550	0.0016
1257	17560	0.0019
1258	17570	0.0012
1259	17580	0.0014
1260	17590	0.0007
1261	17600	0.0001
1262	17610	0.001
1263	17620	0.0005
1264	17630	0.0006
1265	17640	0.001
1266	17650	0.0011
1267	17660	0.0014
1268	17670	0.0011
1269	17680	0.0022
1270	17690	0.0021
1271	17700	0.001
1272	17710	0.0011
1273	17720	0.0021
1274	17730	0.0017
1275	17740	0.001
1276	17750	0.0008
1277	17760	0.0014
1278	17770	0.001
1279	17780	0.0013
1280	17790	0.0019
1281	17800	0.0016
1282	17810	0.001
1283	17820	0.001
1284	17830	0.0013
1285	17840	0.0009
1286	17850	0.0011
1287	17860	0.0013
1288	17870	0.0007
1289	17880	0.0016
1290	17890	0.0026
1291	17900	0.0029
1292	17910	0.0026
1293	17920	0.0019
1294	17930	0.0023
1295	17940	0.0023
1296	17950	0.0019
1297	17960	0.0021
1298	17970	0.0019
1299	17980	0.0019
1300	17990	0.0029
1301	18000	0.0032
1302	18010	0.0815
1303	18020	0.0289
1304	18030	-0.087
1305	18040	-0.057
1306	18050	-0.015
1307	18060	0.012
1308	18070	0.0362
1309	18080	0.031
1310	18090	-0.017
1311	18100	0.0066
1312	18110	-0.029
1313	18120	-0.033
1314	18130	0.0413
1315	18140	0.0561
1316	18150	-0.02
1317	18160	0.0262
1318	18170	0.0376
1319	18180	0.0114
1320	18190	-0.019
1321	18200	0.0072
1322	18210	-0.017
1323	18220	0.0843
1324	18230	0.1093
1325	18240	-0.024
1326	18250	-0.029
1327	18260	-0.063
1328	18270	0.0061
1329	18280	0.094
1330	18290	-0.025
1331	18300	-0.095
1332	18310	-0.03
1333	18320	0.0229
1334	18330	-0.026
1335	18340	-0.047
1336	18350	-0.019
1337	18360	0.0223
1338	18370	0.033
1339	18380	-0.035
1340	18390	0.0398
1341	18400	0.0591
1342	18410	0.0339
1343	18420	0.0869
1344	18430	-0.012
1345	18440	0.0494
1346	18450	0.1495
1347	18460	0.0494
1348	18470	-0.029
1349	18480	-0.015
1350	18490	0.0165
1351	18500	0.0787
1352	18510	0.1133
1353	18520	0.0923
1354	18530	0.005
1355	18540	-0.055
1356	18550	0.0519
1357	18560	0.101
1358	18570	-0.005
1359	18580	-0.008
1360	18590	0.0331
1361	18600	0.0218
1362	18610	0.0056
1363	18620	-0.066
1364	18630	0.016
1365	18640	0.1108
1366	18650	0.0377
1367	18660	0.0712
1368	18670	0.1264
1369	18680	-0.001
1370	18690	-0.136
1371	18700	-0.08
1372	18710	0.085
1373	18720	0.0349
1374	18730	-0.041
1375	18740	0.0121
1376	18750	0.0008
1377	18760	0.0271
1378	18770	0.1188
1379	18780	0.1517
1380	18790	0.0755
1381	18800	-0.036
1382	18810	0.0267
1383	18820	0.0667
1384	18830	0.0346
1385	18840	0.0707
1386	18850	0.0615
1387	18860	0.0174
1388	18870	0.1096
1389	18880	0.1231
1390	18890	0.0566
1391	18900	0.0537
1392	18910	0.021
1393	18920	0.053
1394	18930	0.1015
1395	18940	0.2008
1396	18950	0.1455
1397	18960	0.1063
1398	18970	0.1021
1399	18980	-0.024
1400	18990	0.1328
1401	19000	0.2281
1402	19010	0.2166
1403	19020	0.2027
1404	19030	0.1844
1405	19040	0.1846
1406	19050	0.146
1407	19060	0.12
1408	19070	0.0329
1409	19080	0.0801
1410	19090	0.1555
1411	19100	0.1741
1412	19110	0.2046
1413	19120	0.2456
1414	19130	0.1091
1415	19140	0.1262
1416	19150	0.2274
1417	19160	0.3093
1418	19170	0.3389
1419	19180	0.3369
1420	19190	0.3436
1421	19200	0.3025
1422	19210	0.434
1423	19220	0.4707
1424	19230	0.3666
1425	19240	0.5718
1426	19250	0.6515
1427	19260	0.5738
1428	19270	0.5953
1429	19280	0.758
1430	19290	0.8632
1431	19300	0.9318
1432	19310	0.8624
1433	19320	0.8906
1434	19330	0.9129
1435	19340	1.0218
1436	19350	1.0223
1437	19360	1.0903
1438	19370	1.2344
1439	19380	1.3214
1440	19390	1.6507
1441	19400	1.7571
1442	19410	1.7276
1443	19420	1.6384
1444	19430	1.6079
1445	19440	1.9199
1446	19450	2.0101
1447	19460	2.2213
1448	19470	2.3513
1449	19480	2.4623
1450	19490	2.5908
1451	19500	2.8987
1452	19510	3.0738
1453	19520	3.1819
1454	19530	3.4743
1455	19540	3.6861
1456	19550	3.7143
1457	19560	4.0057
1458	19570	4.3516
1459	19580	4.7412
1460	19590	5.0775
1461	19600	5.3992
1462	19610	6.0281
1463	19620	6.5784
1464	19630	7.0465
1465	19640	7.4707
1466	19650	7.6885
1467	19660	8.3109
1468	19670	9.0237
1469	19680	9.5727
1470	19690	10.237
1471	19700	10.793
1472	19710	11.968
1473	19720	12.726
1474	19730	13.6
1475	19740	14.735
1476	19750	15.549
1477	19760	16.939
1478	19770	18.243
1479	19780	19.661
1480	19790	21.139
1481	19800	21.948
1482	19810	23.889
1483	19820	25.628
1484	19830	27.286
1485	19840	29.43
1486	19850	30.599
1487	19860	33.082
1488	19870	35.128
1489	19880	37.147
1490	19890	40.05
1491	19900	41.57
1492	19910	44.639
1493	19920	46.513
1494	19930	48.918
1495	19940	52.273
1496	19950	53.615
1497	19960	56.704
1498	19970	58.718
1499	19980	60.443
1500	19990	63.808
1501	20000	64.28
1502	20010	67.689
1503	20020	69.552
1504	20030	70.388
1505	20040	73.55
1506	20050	73.683
1507	20060	75.844
1508	20070	77.771
1509	20080	77.462
1510	20090	80.144
1511	20100	79.758
1512	20110	80.893
1513	20120	82.438
1514	20130	81.627
1515	20140	83.54
1516	20150	83.319
1517	20160	83.152
1518	20170	85.13
1519	20180	83.669
1520	20190	84.825
1521	20200	85.286
1522	20210	84.116
1523	20220	85.716
1524	20230	84.99
1525	20240	84.692
1526	20250	86.311
1527	20260	84.777
1528	20270	85.827
1529	20280	85.979
1530	20290	84.753
1531	20300	86.504
1532	20310	85.382
1533	20320	85.347
1534	20330	86.453
1535	20340	84.981
1536	20350	86.154
1537	20360	85.814
1538	20370	84.841
1539	20380	86.609
1540	20390	85.323
1541	20400	85.857
1542	20410	86.504
1543	20420	85.116
1544	20430	86.715
1545	20440	86.065
1546	20450	85.431
1547	20460	87.192
1548	20470	85.872
1549	20480	86.65
1550	20490	87.205
1551	20500	86.014
1552	20510	87.412
1553	20520	87.087
1554	20530	86.558
1555	20540	88.004
1556	20550	86.975
1557	20560	87.474
1558	20570	88.344
1559	20580	87.183
1560	20590	88.464
1561	20600	88.409
1562	20610	87.553
1563	20620	88.951
1564	20630	88.281
1565	20640	88.269
1566	20650	89.484
1567	20660	88.285
1568	20670	88.961
1569	20680	89.641
1570	20690	88.521
1571	20700	89.793
1572	20710	89.704
1573	20720	89.107
1574	20730	90.383
1575	20740	89.588
1576	20750	89.765
1577	20760	90.749
1578	20770	89.689
1579	20780	90.541
1580	20790	90.759
1581	20800	89.884
1582	20810	91.078
1583	20820	90.665
1584	20830	90.337
1585	20840	91.495
1586	20850	90.584
1587	20860	90.886
1588	20870	91.633
1589	20880	90.489
1590	20890	91.295
1591	20900	91.641
1592	20910	90.742
1593	20920	91.941
1594	20930	91.704
1595	20940	90.99
1596	20950	92.43
1597	20960	91.926
1598	20970	91.508
1599	20980	92.517
1600	20990	91.512
1601	21000	91.671
1602	21010	92.515
1603	21020	91.61
1604	21030	92.249
1605	21040	92.669
1606	21050	91.588
1607	21060	92.37
1608	21070	92.412
1609	21080	91.674
1610	21090	93.112
1611	21100	92.682
1612	21110	91.729
1613	21120	92.729
1614	21130	91.978
1615	21140	91.943
1616	21150	92.877
1617	21160	91.913
1618	21170	92.245
1619	21180	92.879
1620	21190	91.515
1621	21200	92.259
1622	21210	92.759
1623	21220	91.86
1624	21230	92.65
1625	21240	92.481
1626	21250	91.806
1627	21260	92.89
1628	21270	92.558
1629	21280	92.043
1630	21290	93.043
1631	21300	92.21
1632	21310	91.902
1633	21320	92.98
1634	21330	92.265
1635	21340	92.144
1636	21350	93.284
1637	21360	92.324
1638	21370	92.129
1639	21380	92.997
1640	21390	92.251
1641	21400	92.411
1642	21410	92.942
1643	21420	91.869
1644	21430	92.1
1645	21440	92.891
1646	21450	91.859
1647	21460	92.111
1648	21470	93.129
1649	21480	92.071
1650	21490	92.41
1651	21500	92.858
1652	21510	91.658
1653	21520	92.153
1654	21530	92.628
1655	21540	91.762
1656	21550	92.36
1657	21560	92.395
1658	21570	91.584
1659	21580	92.62
1660	21590	92.725
1661	21600	91.77
1662	21610	92.565
1663	21620	92.287
1664	21630	91.661
1665	21640	92.677
1666	21650	92.629
1667	21660	91.606
1668	21670	92.522
1669	21680	92.53
1670	21690	91.781
1671	21700	92.658
1672	21710	92.646
1673	21720	91.965
1674	21730	92.709
1675	21740	92.607
1676	21750	91.843
1677	21760	92.846
1678	21770	92.822
1679	21780	92.068
1680	21790	92.758
1681	21800	93.033
1682	21810	92.074
1683	21820	92.803
1684	21830	93.099
1685	21840	92.363
1686	21850	92.975
1687	21860	93.091
1688	21870	92.402
1689	21880	93.205
1690	21890	93.757
1691	21900	92.541
1692	21910	93.061
1693	21920	93.429
1694	21930	92.615
1695	21940	93.218
1696	21950	93.677
1697	21960	92.891
1698	21970	93.271
1699	21980	93.79
1700	21990	93.073
1701	22000	93.153
1702	22010	94.083
1703	22020	93.382
1704	22030	93.519
1705	22040	93.824
1706	22050	93.173
1707	22060	93.326
1708	22070	93.958
1709	22080	93.477
1710	22090	93.311
1711	22100	93.913
1712	22110	93.391
1713	22120	93.071
1714	22130	94.18
1715	22140	93.488
1716	22150	93.088
1717	22160	93.644
1718	22170	93.731
1719	22180	92.945
1720	22190	93.301
1721	22200	93.688
1722	22210	92.866
1723	22220	93.129
1724	22230	93.554
1725	22240	93.096
1726	22250	92.947
1727	22260	93.344
1728	22270	92.768
1729	22280	92.534
1730	22290	93.267
1731	22300	92.918
1732	22310	92.48
1733	22320	92.832
1734	22330	92.582
1735	22340	92.154
1736	22350	92.633
1737	22360	92.592
1738	22370	92.176
1739	22380	92.491
1740	22390	92.517
1741	22400	91.814
1742	22410	91.9
1743	22420	92.517
1744	22430	92.083
1745	22440	91.993
1746	22450	92.322
1747	22460	91.945
1748	22470	91.937
1749	22480	92.369
1750	22490	92.004
1751	22500	91.792
1752	22510	92.283
1753	22520	92.548
1754	22530	92.117
1755	22540	92.27
1756	22550	92.594
1757	22560	92.319
1758	22570	92.322
1759	22580	92.929
1760	22590	92.526
1761	22600	92.489
1762	22610	92.945
1763	22620	92.961
1764	22630	92.953
1765	22640	93.207
1766	22650	93.304
1767	22660	93.076
1768	22670	93.41
1769	22680	93.521
1770	22690	93.297
1771	22700	93.35
1772	22710	93.289
1773	22720	93.102
1774	22730	92.924
1775	22740	92.8
1776	22750	92.382
1777	22760	91.929
1778	22770	91.642
1779	22780	91.117
1780	22790	90.224
1781	22800	89.512
1782	22810	88.795
1783	22820	87.643
1784	22830	86.501
1785	22840	85.313
1786	22850	83.763
1787	22860	82.054
1788	22870	80.431
1789	22880	78.617
1790	22890	76.679
1791	22900	74.674
1792	22910	72.536
1793	22920	70.169
1794	22930	67.732
1795	22940	65.3
1796	22950	62.81
1797	22960	60.246
1798	22970	57.843
1799	22980	55.289
1800	22990	52.805
1801	23000	50.286
1802	23010	47.812
1803	23020	45.253
1804	23030	42.998
1805	23040	40.79
1806	23050	38.258
1807	23060	36.141
1808	23070	34.051
1809	23080	32.087
1810	23090	30.139
1811	23100	28.301
1812	23110	26.53
1813	23120	24.768
1814	23130	23.198
1815	23140	21.658
1816	23150	20.181
1817	23160	18.902
1818	23170	17.709
1819	23180	16.5
1820	23190	15.473
1821	23200	14.468
1822	23210	13.573
1823	23220	12.719
1824	23230	11.916
1825	23240	11.193
1826	23250	10.456
1827	23260	9.8507
1828	23270	9.2965
1829	23280	8.7366
1830	23290	8.1925
1831	23300	7.6645
1832	23310	7.1447
1833	23320	6.6398
1834	23330	6.2585
1835	23340	5.883
1836	23350	5.4297
1837	23360	5.0968
1838	23370	4.8127
1839	23380	4.4645
1840	23390	4.1688
1841	23400	3.9438
1842	23410	3.753
1843	23420	3.5529
1844	23430	3.3971
1845	23440	3.2676
1846	23450	3.108
1847	23460	2.9333
1848	23470	2.8023
1849	23480	2.709
1850	23490	2.5615
1851	23500	2.4059
1852	23510	2.2604
1853	23520	2.0962
1854	23530	1.9654
1855	23540	1.8883
1856	23550	1.8009
1857	23560	1.6438
1858	23570	1.5283
1859	23580	1.4765
1860	23590	1.4328
1861	23600	1.3975
1862	23610	1.3395
1863	23620	1.2048
1864	23630	1.1132
1865	23640	1.0883
1866	23650	1.032
1867	23660	0.9807
1868	23670	0.9767
1869	23680	0.8961
1870	23690	0.8579
1871	23700	0.9238
1872	23710	0.8881
1873	23720	0.8514
1874	23730	0.85
1875	23740	0.7366
1876	23750	0.5766
1877	23760	0.5037
1878	23770	0.4876
1879	23780	0.4537
1880	23790	0.4424
1881	23800	0.4165
1882	23810	0.3478
1883	23820	0.4195
1884	23830	0.4621
1885	23840	0.3875
1886	23850	0.3789
1887	23860	0.3774
1888	23870	0.3741
1889	23880	0.4201
1890	23890	0.4567
1891	23900	0.4271
1892	23910	0.3474
1893	23920	0.2594
1894	23930	0.233
1895	23940	0.1803
1896	23950	0.1796
1897	23960	0.2146
1898	23970	0.1897
1899	23980	0.1499
1900	23990	0.1446
1901	24000	0.1055
1902	24010	0.2823
1903	24020	0.3109
1904	24030	0.1847
1905	24040	0.1919
1906	24050	0.2258
1907	24060	0.2618
1908	24070	0.2606
1909	24080	0.1655
1910	24090	0.1916
1911	24100	0.1958
1912	24110	0.15
1913	24120	0.1237
1914	24130	0.0773
1915	24140	0.0572
1916	24150	0.026
1917	24160	0.028
1918	24170	0.0656
1919	24180	0.043
1920	24190	0.0612
1921	24200	0.1051
1922	24210	0.0821
1923	24220	0.0563
1924	24230	0.1872
1925	24240	0.2695
1926	24250	0.1852
1927	24260	0.084
1928	24270	-0.006
1929	24280	0.0436
1930	24290	0.0462
1931	24300	0.1639
1932	24310	0.0904
1933	24320	0.0007
1934	24330	-0.081
1935	24340	0.023
1936	24350	0.0673
1937	24360	0.0396
1938	24370	0.0202
1939	24380	0.0723
1940	24390	0.0764
1941	24400	0.0862
1942	24410	0.1211
1943	24420	0.0922
1944	24430	0.0326
1945	24440	0.112
1946	24450	0.1524
1947	24460	0.0765
1948	24470	0.1102
1949	24480	0.0429
1950	24490	0.035
1951	24500	-0.008
1952	24510	-0.02
1953	24520	0.0219
1954	24530	0.1298
1955	24540	0.0328
1956	24550	-0.045
1957	24560	-0.067
1958	24570	-0.09
1959	24580	-0.065
1960	24590	0.0789
1961	24600	0.0844
1962	24610	0.126
1963	24620	-0.039
1964	24630	-0.016
1965	24640	-0.007
1966	24650	-0.068
1967	24660	-0.047
1968	24670	-0.118
1969	24680	0.0278
1970	24690	0.0261
1971	24700	0.024
1972	24710	-0.038
1973	24720	-0.013
1974	24730	0.0284
1975	24740	-0.025
1976	24750	-0.054
1977	24760	0.0757
1978	24770	0.1341
1979	24780	0.0317
1980	24790	0.0829
1981	24800	-0.013
1982	24810	-0.05
1983	24820	-0.102
1984	24830	-0.1
1985	24840	-0.018
1986	24850	0.0629
1987	24860	0.0306
1988	24870	-0.055
1989	24880	-0.015
1990	24890	0.0855
1991	24900	0.0375
1992	24910	0.0103
1993	24920	0.0008
1994	24930	0.0594
1995	24940	0.0437
1996	24950	0.0116
1997	24960	-0.116
1998	24970	-0.079
1999	24980	-0.015
2000	24990	0.0106
2001	25000	-0.033
2002	25031.3	0.0175
2003	25062.7	0.0024
2004	25094.1	-0.0011
2005	25125.6	0.0132
2006	25157.2	0.0147
2007	25188.9	-0.0151
2008	25220.7	-0.0057
2009	25252.5	-0.0015
2010	25284.5	0.0167
2011	25316.5	0.0081
2012	25348.5	-0.0114
2013	25380.7	-0.0002
2014	25413	0.0046
2015	25445.3	-0.0201
2016	25477.7	-0.0128
2017	25510.2	-0.0185
2018	25542.8	-0.0105
2019	25575.4	-0.0112
2020	25608.2	0.0041
2021	25641	-0.0227
2022	25673.9	-0.0066
2023	25706.9	-0.0294
2024	25740	-0.0116
2025	25773.2	-0.0094
2026	25806.5	-0.0066
2027	25839.8	0.0041
2028	25873.2	0.0144
2029	25906.7	0.0049
2030	25940.3	0.0224
2031	25974	-0.0131
2032	26007.8	0.0031
2033	26041.7	0.0216
2034	26075.6	0.0081
2035	26109.7	-0.0015
2036	26143.8	0.0125
2037	26178	0.017
2038	26212.3	-0.0078
2039	26246.7	-0.0084
2040	26281.2	0.023
2041	26315.8	0.0077
2042	26350.5	0.0037
2043	26385.2	0.0192
2044	26420.1	0.0068
2045	26455	-0.006
2046	26490.1	0.0022
2047	26525.2	0.0013
2048	26560.4	0.0113
2049	26595.7	-0.0016
2050	26631.2	-0.0167
2051	26666.7	-0.0096
2052	26702.3	0.0063
2053	26738	0
2054	26773.8	0.0117
2055	26809.7	-0.003
2056	26845.6	-0.0007
2057	26881.7	-0.0009
2058	26917.9	0.0141
2059	26954.2	0.0217
2060	26990.6	0.0017
2061	27027	0.0057
2062	27063.6	0.0022
2063	27100.3	0.0181
2064	27137	0.0107
2065	27173.9	-0.0004
2066	27210.9	0.0293
2067	27248	0.0033
2068	27285.1	0.0119
2069	27322.4	0.0244
2070	27359.8	-0.0075
2071	27397.3	0.0119
2072	27434.8	0.0218
2073	27472.5	-0.0015
2074	27510.3	0.0049
2075	27548.2	0.0077
2076	27586.2	0.0007
2077	27624.3	0.0015
2078	27662.5	-0.0059
2079	27700.8	-0.0041
2080	27739.3	0.0078
2081	27777.8	0.0014
2082	27816.4	0.0159
2083	27855.2	0.029
2084	27894	0.0066
2085	27933	0.0221
2086	27972	0.0153
2087	28011.2	0.027
2088	28050.5	0.0245
2089	28089.9	0.0275
2090	28129.4	0.0108
2091	28169	0.0002
2092	28208.7	0.012
2093	28248.6	0.0075
2094	28288.5	0.0088
2095	28328.6	0.0189
2096	28368.8	0.0046
2097	28409.1	-0.0046
2098	28449.5	0.0112
2099	28490	0.0063
2100	28530.7	0.0046
2101	28571.4	0.0127
2102	28612.3	0.0089
2103	28653.3	0.0157
2104	28694.4	0.0047
2105	28735.6	0.0048
2106	28777	0.0166
2107	28818.4	0.011
2108	28860	0.0241
2109	28901.7	0.0249
2110	28943.6	0.037
2111	28985.5	0.0067
2112	29027.6	0.0133
2113	29069.8	0.023
2114	29112.1	0.0053
2115	29154.5	0.0176
2116	29197.1	0.0287
2117	29239.8	0.0258
2118	29282.6	0.0198
2119	29325.5	0.0091
2120	29368.6	0.0271
2121	29411.8	-0.0026
2122	29455.1	0.0081
2123	29498.5	0.0127
2124	29542.1	-0.0001
2125	29585.8	0.0014
2126	29629.6	0.0068
2127	29673.6	0.0215
2128	29717.7	0.0153
2129	29761.9	0.0137
2130	29806.3	0.0119
2131	29850.7	0.0155
2132	29895.4	0.028
2133	29940.1	0.0145
2134	29985	0.0112
2135	30030	0.0032
2136	30075.2	-0.0062
2137	30120.5	-0.0122
2138	30165.9	-0.0091
2139	30211.5	0.0101
2140	30257.2	0.0103
2141	30303	0.0033
2142	30349	0.0177
2143	30395.1	-0.0083
2144	30441.4	0.0073
2145	30487.8	0.0204
2146	30534.4	0.0004
2147	30581	0.0025
2148	30627.9	-0.0012
2149	30674.8	-0.0006
2150	30722	0.0019
2151	30769.2	-0.0023
2152	30816.6	0.0088
2153	30864.2	0.0212
2154	30911.9	0.0169
2155	30959.8	0.0023
2156	31007.8	0.0066
2157	31055.9	0.0147
2158	31104.2	0.008
2159	31152.6	0.0225
2160	31201.2	0.014
2161	31250	0.0101
2162	31298.9	0.0269
2163	31348	0.0175
2164	31397.2	0.006
2165	31446.5	0.0252
2166	31496.1	0.0102
2167	31545.7	0.0086
2168	31595.6	0.0091
2169	31645.6	0.0174
2170	31695.7	0.017
2171	31746	0.0266
2172	31796.5	0.011
2173	31847.1	0.0155
2174	31897.9	0.0144
2175	31948.9	0.0088
2176	32000	0.0194
