2439 VISTA_Filters_at80K_forETC_Y.dat
1	5000	0.0006
2	5010	0
3	5020	0.0012
4	5030	0
5	5040	0.0017
6	5050	0
7	5060	0.0014
8	5070	0
9	5080	0.0006
10	5090	-0.001
11	5100	0
12	5110	0
13	5120	0.0002
14	5130	0
15	5140	-0.001
16	5150	0.0005
17	5160	-0.001
18	5170	0
19	5180	-0.002
20	5190	0.0011
21	5200	-0.001
22	5210	0.0009
23	5220	-0.001
24	5230	0.0009
25	5240	-0.001
26	5250	0.002
27	5260	0
28	5270	0.0006
29	5280	0
30	5290	0.0002
31	5300	-0.001
32	5310	-0.001
33	5320	0.0005
34	5330	0
35	5340	0.0015
36	5350	-0.002
37	5360	0.0013
38	5370	-0.002
39	5380	0.0015
40	5390	-0.002
41	5400	0.0019
42	5410	-0.002
43	5420	0.0016
44	5430	-0.002
45	5440	0.0012
46	5450	-0.002
47	5460	0.0018
48	5470	0
49	5480	0.0011
50	5490	0.0016
51	5500	0.0004
52	5510	0.0025
53	5520	0
54	5530	0.0022
55	5540	-0.002
56	5550	0.0011
57	5560	-0.004
58	5570	0.0014
59	5580	-0.004
60	5590	0.0013
61	5600	-0.001
62	5610	0.0044
63	5620	0.0007
64	5630	0.0011
65	5640	0.0004
66	5650	0.0025
67	5660	-0.001
68	5670	0.0009
69	5680	-0.001
70	5690	0.0011
71	5700	-0.004
72	5710	0.0019
73	5720	-0.002
74	5730	0.0022
75	5740	-0.002
76	5750	0.0009
77	5760	-0.002
78	5770	0
79	5780	0
80	5790	0.0007
81	5800	0.0014
82	5810	0.0009
83	5820	0.0025
84	5830	0.0001
85	5840	0.0011
86	5850	-0.001
87	5860	0.0013
88	5870	-0.001
89	5880	0.0012
90	5890	-0.002
91	5900	0.0013
92	5910	-0.001
93	5920	0.0013
94	5930	-0.001
95	5940	0.0009
96	5950	-0.001
97	5960	0.0006
98	5970	0
99	5980	0.0007
100	5990	0.0002
101	6000	0
102	6010	0.0005
103	6020	0.0007
104	6030	0.0016
105	6040	0
106	6050	0.001
107	6060	0
108	6070	0.0006
109	6080	0
110	6090	0.0008
111	6100	-0.001
112	6110	0
113	6120	0
114	6130	0.0004
115	6140	0
116	6150	0.0003
117	6160	0
118	6170	0.0005
119	6180	0
120	6190	0
121	6200	0.001
122	6210	0
123	6220	0
124	6230	0
125	6240	0
126	6250	-0.001
127	6260	0.0008
128	6270	-0.001
129	6280	0
130	6290	-0.002
131	6300	0
132	6310	0
133	6320	0
134	6330	0
135	6340	0
136	6350	0
137	6360	-0.001
138	6370	0
139	6380	0.0004
140	6390	0.0005
141	6400	0
142	6410	0.0001
143	6420	0
144	6430	0.0004
145	6440	0
146	6450	0
147	6460	0
148	6470	0
149	6480	0
150	6490	0
151	6500	0
152	6510	0.0003
153	6520	0
154	6530	0
155	6540	0
156	6550	0.0015
157	6560	0.0028
158	6570	0.0014
159	6580	0.0011
160	6590	0.0011
161	6600	0
162	6610	0
163	6620	0.0008
164	6630	0.0015
165	6640	0.0018
166	6650	0.0031
167	6660	0.002
168	6670	0.0016
169	6680	0.0022
170	6690	0.0027
171	6700	0.0037
172	6710	0.0038
173	6720	0.0032
174	6730	0.0043
175	6740	0.0055
176	6750	0.0065
177	6760	0.0079
178	6770	0.0083
179	6780	0.0088
180	6790	0.0091
181	6800	0.0101
182	6810	0.0101
183	6820	0.0098
184	6830	0.0098
185	6840	0.0121
186	6850	0.0125
187	6860	0.0126
188	6870	0.0135
189	6880	0.0169
190	6890	0.0183
191	6900	0.0154
192	6910	0.0162
193	6920	0.0162
194	6930	0.0165
195	6940	0.0178
196	6950	0.018
197	6960	0.0179
198	6970	0.0181
199	6980	0.0184
200	6990	0.0182
201	7000	0.0175
202	7010	0.0163
203	7020	0.0159
204	7030	0.0135
205	7040	0.0126
206	7050	0.0103
207	7060	0.0105
208	7070	0.0081
209	7080	0.0066
210	7090	0.004
211	7100	0.0045
212	7110	0.0026
213	7120	0.0029
214	7130	0.0023
215	7140	0.0026
216	7150	0.0003
217	7160	0
218	7170	0.0009
219	7180	0
220	7190	0
221	7200	0
222	7210	0.0006
223	7220	0
224	7230	0.0008
225	7240	0
226	7250	0.001
227	7260	-0.001
228	7270	0.0022
229	7280	0.0003
230	7290	0.0016
231	7300	0
232	7310	0.0016
233	7320	0
234	7330	0
235	7340	0
236	7350	0
237	7360	-0.001
238	7370	-0.002
239	7380	0
240	7390	-0.001
241	7400	0.0012
242	7410	-0.002
243	7420	0.0008
244	7430	0
245	7440	0.003
246	7450	-0.002
247	7460	0.0022
248	7470	0
249	7480	0.0036
250	7490	0.0014
251	7500	0.0036
252	7510	0.0019
253	7520	0.0018
254	7530	0
255	7540	0
256	7550	-0.001
257	7560	-0.004
258	7570	-0.001
259	7580	-0.004
260	7590	0.0012
261	7600	-0.001
262	7610	0.0014
263	7620	-0.001
264	7630	0.0024
265	7640	-0.001
266	7650	0.0042
267	7660	0
268	7670	0.0036
269	7680	0.0008
270	7690	0.0037
271	7700	0
272	7710	0.0005
273	7720	-0.001
274	7730	-0.002
275	7740	-0.001
276	7750	-0.002
277	7760	-0.001
278	7770	-0.003
279	7780	0.0024
280	7790	-0.003
281	7800	0
282	7810	-0.004
283	7820	0.0015
284	7830	-0.002
285	7840	0.0026
286	7850	0
287	7860	0.0045
288	7870	-0.002
289	7880	0.0025
290	7890	0.0006
291	7900	-0.001
292	7910	0
293	7920	0
294	7930	0.0007
295	7940	-0.004
296	7950	0.0003
297	7960	-0.002
298	7970	0.0009
299	7980	-0.005
300	7990	0.0012
301	8000	-0.004
302	8010	0.0037
303	8020	-0.002
304	8030	0.0051
305	8040	0.0004
306	8050	0.0099
307	8060	0.0099
308	8070	0.0205
309	8080	0.0234
310	8090	0.0332
311	8100	-0.003
312	8110	0.0015
313	8120	-0.005
314	8130	0.0005
315	8140	-0.001
316	8150	0.0041
317	8160	-0.001
318	8170	0.0057
319	8180	-0.003
320	8190	0
321	8200	-0.002
322	8210	-0.001
323	8220	-0.001
324	8230	-0.002
325	8240	-0.001
326	8250	-0.004
327	8260	0
328	8270	-0.005
329	8280	-0.001
330	8290	-0.005
331	8300	0
332	8310	-0.005
333	8320	-0.001
334	8330	-0.005
335	8340	-0.001
336	8350	-0.003
337	8360	0.0012
338	8370	-0.004
339	8380	-0.006
340	8390	-0.006
341	8400	-0.005
342	8410	-0.008
343	8420	-0.009
344	8430	-0.008
345	8440	-0.01
346	8450	-0.008
347	8460	-0.011
348	8470	-0.01
349	8480	-0.011
350	8490	-0.01
351	8500	-0.011
352	8510	-0.008
353	8520	-0.01
354	8530	-0.006
355	8540	-0.008
356	8550	0.0021
357	8560	0.0295
358	8570	0.0574
359	8580	0.1178
360	8590	0.1735
361	8600	0.1868
362	8610	0.0061
363	8620	0.0087
364	8630	0.0095
365	8640	0.007
366	8650	0.0025
367	8660	0.0057
368	8670	0.0078
369	8680	0.0097
370	8690	0.0089
371	8700	0.0068
372	8710	0.0034
373	8720	0.0091
374	8730	0.0099
375	8740	0.0115
376	8750	0.0109
377	8760	0.0101
378	8770	0.008
379	8780	0.0101
380	8790	0.011
381	8800	0.013
382	8810	0.0127
383	8820	0.0124
384	8830	0.0112
385	8840	0.0129
386	8850	0.0144
387	8860	0.0159
388	8870	0.0153
389	8880	0.0154
390	8890	0.0139
391	8900	0.016
392	8910	0.0173
393	8920	0.0199
394	8930	0.0207
395	8940	0.0211
396	8950	0.0207
397	8960	0.0232
398	8970	0.025
399	8980	0.0277
400	8990	0.0283
401	9000	-0.079
402	9010	-0.105
403	9020	0.0724
404	9030	-0.059
405	9040	0.092
406	9050	0.3206
407	9060	0.1804
408	9070	0.1137
409	9080	0.0395
410	9090	0.1228
411	9100	0.0842
412	9110	0.0633
413	9120	-0.047
414	9130	0.1092
415	9140	-0.086
416	9150	0.056
417	9160	0.0414
418	9170	0.0382
419	9180	0.0963
420	9190	-0.025
421	9200	0.3623
422	9210	0.1825
423	9220	0.1632
424	9230	0.2501
425	9240	0.2135
426	9250	0.0092
427	9260	0.1731
428	9270	0.1331
429	9280	0.1119
430	9290	0.2347
431	9300	0.2543
432	9310	0.1534
433	9320	0.3433
434	9330	0.1793
435	9340	0.504
436	9350	0.5454
437	9360	0.522
438	9370	0.4429
439	9380	0.6579
440	9390	0.4046
441	9400	0.5956
442	9410	0.6114
443	9420	0.7778
444	9430	0.8501
445	9440	0.9479
446	9450	1.0633
447	9460	1.3903
448	9470	1.2411
449	9480	1.4822
450	9490	1.4993
451	9500	1.699
452	9510	1.8068
453	9520	2.4542
454	9530	2.394
455	9540	2.6514
456	9550	3.0159
457	9560	3.3365
458	9570	3.791
459	9580	4.616
460	9590	5.183
461	9600	5.9065
462	9610	6.7982
463	9620	7.6655
464	9630	9.0057
465	9640	10.415
466	9650	11.992
467	9660	13.903
468	9670	16.107
469	9680	18.735
470	9690	21.951
471	9700	25.348
472	9710	28.919
473	9720	33.056
474	9730	37.474
475	9740	41.84
476	9750	46.618
477	9760	51.209
478	9770	55.529
479	9780	59.393
480	9790	62.669
481	9800	65.518
482	9810	68.131
483	9820	69.928
484	9830	71.33
485	9840	72.009
486	9850	72.378
487	9860	72.553
488	9870	72.446
489	9880	72.197
490	9890	72.111
491	9900	71.924
492	9910	71.786
493	9920	71.845
494	9930	71.976
495	9940	72.153
496	9950	72.304
497	9960	72.545
498	9970	73.026
499	9980	73.451
500	9990	73.776
501	10000	74.204
502	10010	74.911
503	10020	75.535
504	10030	76.152
505	10040	76.754
506	10050	77.38
507	10060	78.134
508	10070	78.624
509	10080	79.086
510	10090	79.484
511	10100	79.764
512	10110	80.03
513	10120	80.167
514	10130	80.283
515	10140	80.341
516	10150	80.394
517	10160	80.543
518	10170	80.637
519	10180	80.607
520	10190	80.341
521	10200	80.199
522	10210	79.944
523	10220	79.665
524	10230	79.27
525	10240	78.951
526	10250	78.553
527	10260	78.094
528	10270	77.687
529	10280	77.335
530	10290	76.93
531	10300	76.762
532	10310	76.592
533	10320	76.367
534	10330	76.192
535	10340	75.967
536	10350	75.818
537	10360	75.826
538	10370	75.859
539	10380	75.941
540	10390	76.078
541	10400	76.559
542	10410	77.051
543	10420	77.57
544	10430	78.2
545	10440	78.905
546	10450	79.733
547	10460	80.562
548	10470	81.303
549	10480	81.984
550	10490	82.416
551	10500	82.704
552	10510	82.885
553	10520	82.521
554	10530	81.741
555	10540	80.886
556	10550	79.405
557	10560	77.311
558	10570	75.1
559	10580	72.599
560	10590	69.423
561	10600	66.041
562	10610	62.522
563	10620	58.607
564	10630	54.837
565	10640	51.125
566	10650	47.387
567	10660	43.575
568	10670	39.91
569	10680	36.814
570	10690	33.582
571	10700	30.257
572	10710	27.368
573	10720	24.569
574	10730	22.096
575	10740	19.808
576	10750	17.546
577	10760	15.452
578	10770	13.431
579	10780	11.75
580	10790	10.249
581	10800	8.7835
582	10810	7.5915
583	10820	6.5734
584	10830	5.5799
585	10840	4.7431
586	10850	4.1356
587	10860	3.5681
588	10870	3.0274
589	10880	2.6218
590	10890	2.2439
591	10900	1.9733
592	10910	1.7299
593	10920	1.4714
594	10930	1.3612
595	10940	1.2701
596	10950	1.0582
597	10960	0.874
598	10970	0.8494
599	10980	0.8181
600	10990	0.8035
601	11000	0.6829
602	11010	0.4136
603	11020	0.3744
604	11030	0.455
605	11040	0.3854
606	11050	0.3858
607	11060	0.4517
608	11070	0.3222
609	11080	0.191
610	11090	0.2518
611	11100	0.3342
612	11110	0.1862
613	11120	0.4111
614	11130	0.4267
615	11140	0.4322
616	11150	0.5058
617	11160	0.4206
618	11170	0.3296
619	11180	0.2322
620	11190	0.2869
621	11200	0.2853
622	11210	0.2182
623	11220	0.14
624	11230	0.0665
625	11240	0.152
626	11250	0.1341
627	11260	0.0511
628	11270	0.2197
629	11280	0.2795
630	11290	0.2119
631	11300	0.019
632	11310	0.0378
633	11320	0.0874
634	11330	0.1951
635	11340	0.0615
636	11350	0.0653
637	11360	0.1062
638	11370	0.0987
639	11380	0.1793
640	11390	0.1742
641	11400	0.0168
642	11410	-0.014
643	11420	0.0457
644	11430	0.0627
645	11440	0.0009
646	11450	-0.093
647	11460	0.0048
648	11470	0.0879
649	11480	0.0169
650	11490	0.102
651	11500	0.1495
652	11510	-0.008
653	11520	-0.012
654	11530	-0.086
655	11540	0.1616
656	11550	0.1169
657	11560	0.0202
658	11570	0.0161
659	11580	-0.068
660	11590	-0.198
661	11600	-0.157
662	11610	0.0032
663	11620	-0.018
664	11630	-0.124
665	11640	0.0161
666	11650	0.1447
667	11660	0.2613
668	11670	0.1362
669	11680	-0.018
670	11690	0.0073
671	11700	-0.068
672	11710	0.0833
673	11720	0.0926
674	11730	0.2419
675	11740	-0.006
676	11750	-0.09
677	11760	-0.053
678	11770	0.151
679	11780	0.1922
680	11790	0.1288
681	11800	0.0721
682	11810	0.0987
683	11820	0.0923
684	11830	0.1783
685	11840	0.0054
686	11850	-0.127
687	11860	-0.113
688	11870	-0.057
689	11880	-0.043
690	11890	-0.029
691	11900	-0.206
692	11910	-0.228
693	11920	-0.121
694	11930	0.0164
695	11940	0.1343
696	11950	0.0057
697	11960	0.0525
698	11970	-0.02
699	11980	0.0487
700	11990	-0.021
701	12000	0.0482
702	12010	0.0002
703	12020	0
704	12030	0
705	12040	0.0002
706	12050	0.0003
707	12060	0.0004
708	12070	0
709	12080	0
710	12090	0.0001
711	12100	0
712	12110	0.0002
713	12120	0.0004
714	12130	0
715	12140	0
716	12150	0.0001
717	12160	0
718	12170	0.0003
719	12180	0.0003
720	12190	0
721	12200	0
722	12210	0.0001
723	12220	0.0001
724	12230	0.0004
725	12240	0.0003
726	12250	0
727	12260	0
728	12270	0.0002
729	12280	0
730	12290	0.0004
731	12300	0.0003
732	12310	0
733	12320	0
734	12330	0.0002
735	12340	0
736	12350	0.0006
737	12360	0.0003
738	12370	0
739	12380	0.0002
740	12390	0.0002
741	12400	0
742	12410	0
743	12420	0
744	12430	0
745	12440	0.0001
746	12450	0
747	12460	0.0006
748	12470	0.0004
749	12480	0
750	12490	0
751	12500	0.0001
752	12510	0
753	12520	0.0008
754	12530	0.0004
755	12540	0
756	12550	0.0001
757	12560	0.0001
758	12570	0
759	12580	0
760	12590	0
761	12600	0
762	12610	0.0002
763	12620	0
764	12630	0.0006
765	12640	0.0004
766	12650	0
767	12660	0.0002
768	12670	0.0001
769	12680	0
770	12690	0.0003
771	12700	0
772	12710	0
773	12720	0.0003
774	12730	0
775	12740	0.0006
776	12750	0.0002
777	12760	0
778	12770	0
779	12780	0.0004
780	12790	0
781	12800	0.0003
782	12810	0
783	12820	0
784	12830	0.0003
785	12840	0
786	12850	0.0006
787	12860	0.0004
788	12870	0
789	12880	0
790	12890	0.0004
791	12900	0
792	12910	0
793	12920	0
794	12930	0
795	12940	0.0003
796	12950	0
797	12960	0.0007
798	12970	0
799	12980	0
800	12990	0.0003
801	13000	0.0004
802	13010	0.0003
803	13020	0.0002
804	13030	0
805	13040	0
806	13050	0.0003
807	13060	0
808	13070	0.0007
809	13080	0.0001
810	13090	0
811	13100	0.0004
812	13110	0.0004
813	13120	0.0006
814	13130	0.0003
815	13140	0
816	13150	0
817	13160	0.0002
818	13170	0
819	13180	0.0006
820	13190	0.0001
821	13200	0
822	13210	0.001
823	13220	0.0006
824	13230	0.0006
825	13240	0.0002
826	13250	0
827	13260	0.0001
828	13270	0.0001
829	13280	0.0004
830	13290	0.0009
831	13300	0.0011
832	13310	0.0012
833	13320	0.0019
834	13330	0.0014
835	13340	0.0012
836	13350	0.001
837	13360	0.001
838	13370	0.0007
839	13380	0.0005
840	13390	0.0007
841	13400	0.0009
842	13410	0.0012
843	13420	0.0006
844	13430	0.0006
845	13440	0.001
846	13450	0.0011
847	13460	0.0012
848	13470	0.0017
849	13480	0.0013
850	13490	0.0013
851	13500	0.002
852	13510	0.0023
853	13520	0.0024
854	13530	0.0032
855	13540	0.0033
856	13550	0.004
857	13560	0.0053
858	13570	0.0065
859	13580	0.0085
860	13590	0.0111
861	13600	0.0131
862	13610	0.0158
863	13620	0.0191
864	13630	0.0221
865	13640	0.0256
866	13650	0.0293
867	13660	0.0318
868	13670	0.0349
869	13680	0.0382
870	13690	0.0412
871	13700	0.0443
872	13710	0.0471
873	13720	0.0486
874	13730	0.05
875	13740	0.0512
876	13750	0.0513
877	13760	0.051
878	13770	0.0506
879	13780	0.0487
880	13790	0.0469
881	13800	0.0451
882	13810	0.0427
883	13820	0.0401
884	13830	0.0376
885	13840	0.034
886	13850	0.0311
887	13860	0.0285
888	13870	0.0255
889	13880	0.023
890	13890	0.0209
891	13900	0.018
892	13910	0.016
893	13920	0.0145
894	13930	0.013
895	13940	0.0121
896	13950	0.0115
897	13960	0.0104
898	13970	0.01
899	13980	0.0099
900	13990	0.0097
901	14000	0.01
902	14010	0.01
903	14020	0.0096
904	14030	0.0098
905	14040	0.0104
906	14050	0.0106
907	14060	0.0111
908	14070	0.0115
909	14080	0.0114
910	14090	0.0121
911	14100	0.013
912	14110	0.0137
913	14120	0.0148
914	14130	0.0157
915	14140	0.0162
916	14150	0.0176
917	14160	0.0192
918	14170	0.0205
919	14180	0.0223
920	14190	0.0238
921	14200	0.025
922	14210	0.027
923	14220	0.029
924	14230	0.0306
925	14240	0.0327
926	14250	0.0344
927	14260	0.0356
928	14270	0.0373
929	14280	0.0388
930	14290	0.0397
931	14300	0.0411
932	14310	0.0418
933	14320	0.042
934	14330	0.0426
935	14340	0.0428
936	14350	0.0426
937	14360	0.0425
938	14370	0.0415
939	14380	0.0402
940	14390	0.0392
941	14400	0.0381
942	14410	0.0364
943	14420	0.0353
944	14430	0.0333
945	14440	0.031
946	14450	0.0295
947	14460	0.028
948	14470	0.0261
949	14480	0.0248
950	14490	0.0227
951	14500	0.0209
952	14510	0.0195
953	14520	0.0182
954	14530	0.017
955	14540	0.0162
956	14550	0.0147
957	14560	0.0135
958	14570	0.0129
959	14580	0.0121
960	14590	0.0116
961	14600	0.0116
962	14610	0.0107
963	14620	0.0097
964	14630	0.0095
965	14640	0.0091
966	14650	0.009
967	14660	0.0091
968	14670	0.0084
969	14680	0.008
970	14690	0.0081
971	14700	0.0076
972	14710	0.0075
973	14720	0.0076
974	14730	0.0072
975	14740	0.0068
976	14750	0.0071
977	14760	0.0067
978	14770	0.007
979	14780	0.0073
980	14790	0.0069
981	14800	0.0065
982	14810	0.0069
983	14820	0.0068
984	14830	0.007
985	14840	0.0072
986	14850	0.0071
987	14860	0.007
988	14870	0.0072
989	14880	0.0071
990	14890	0.0076
991	14900	0.0078
992	14910	0.0075
993	14920	0.0075
994	14930	0.0081
995	14940	0.0076
996	14950	0.0084
997	14960	0.0086
998	14970	0.0086
999	14980	0.0088
1000	14990	0.0095
1001	15000	0.0093
1002	15010	0.0102
1003	15020	0.0104
1004	15030	0.0105
1005	15040	0.0109
1006	15050	0.0116
1007	15060	0.0115
1008	15070	0.0125
1009	15080	0.0128
1010	15090	0.0129
1011	15100	0.0136
1012	15110	0.015
1013	15120	0.0144
1014	15130	0.0155
1015	15140	0.0161
1016	15150	0.0163
1017	15160	0.0167
1018	15170	0.0184
1019	15180	0.018
1020	15190	0.0196
1021	15200	0.0197
1022	15210	0.0203
1023	15220	0.0207
1024	15230	0.0217
1025	15240	0.0212
1026	15250	0.023
1027	15260	0.023
1028	15270	0.023
1029	15280	0.0234
1030	15290	0.024
1031	15300	0.0238
1032	15310	0.0245
1033	15320	0.0235
1034	15330	0.0236
1035	15340	0.0243
1036	15350	0.0238
1037	15360	0.0239
1038	15370	0.0238
1039	15380	0.0229
1040	15390	0.0225
1041	15400	0.0224
1042	15410	0.0217
1043	15420	0.0216
1044	15430	0.0213
1045	15440	0.0199
1046	15450	0.0197
1047	15460	0.0197
1048	15470	0.0182
1049	15480	0.0182
1050	15490	0.0178
1051	15500	0.0166
1052	15510	0.0161
1053	15520	0.016
1054	15530	0.0151
1055	15540	0.015
1056	15550	0.0147
1057	15560	0.0137
1058	15570	0.0132
1059	15580	0.0133
1060	15590	0.0122
1061	15600	0.0124
1062	15610	0.012
1063	15620	0.0113
1064	15630	0.0109
1065	15640	0.011
1066	15650	0.0102
1067	15660	0.0104
1068	15670	0.0102
1069	15680	0.0096
1070	15690	0.0097
1071	15700	0.0096
1072	15710	0.009
1073	15720	0.0094
1074	15730	0.0089
1075	15740	0.0086
1076	15750	0.0084
1077	15760	0.0088
1078	15770	0.008
1079	15780	0.0084
1080	15790	0.008
1081	15800	0.0077
1082	15810	0.008
1083	15820	0.0082
1084	15830	0.0077
1085	15840	0.0081
1086	15850	0.008
1087	15860	0.0075
1088	15870	0.0077
1089	15880	0.008
1090	15890	0.0075
1091	15900	0.0079
1092	15910	0.0078
1093	15920	0.0074
1094	15930	0.0077
1095	15940	0.0079
1096	15950	0.0073
1097	15960	0.0079
1098	15970	0.008
1099	15980	0.0077
1100	15990	0.0076
1101	16000	0.0077
1102	16010	0.0076
1103	16020	0.0079
1104	16030	0.0082
1105	16040	0.008
1106	16050	0.0081
1107	16060	0.0081
1108	16070	0.008
1109	16080	0.0087
1110	16090	0.0084
1111	16100	0.0082
1112	16110	0.0086
1113	16120	0.009
1114	16130	0.0086
1115	16140	0.0091
1116	16150	0.009
1117	16160	0.009
1118	16170	0.0094
1119	16180	0.0096
1120	16190	0.0094
1121	16200	0.01
1122	16210	0.0101
1123	16220	0.0102
1124	16230	0.0105
1125	16240	0.0107
1126	16250	0.0105
1127	16260	0.011
1128	16270	0.0112
1129	16280	0.0113
1130	16290	0.0119
1131	16300	0.0124
1132	16310	0.0126
1133	16320	0.013
1134	16330	0.0131
1135	16340	0.0135
1136	16350	0.014
1137	16360	0.0139
1138	16370	0.0143
1139	16380	0.0151
1140	16390	0.0153
1141	16400	0.0156
1142	16410	0.0158
1143	16420	0.0161
1144	16430	0.0166
1145	16440	0.0173
1146	16450	0.0174
1147	16460	0.0178
1148	16470	0.0182
1149	16480	0.0183
1150	16490	0.0188
1151	16500	0.0193
1152	16510	0.0194
1153	16520	0.0198
1154	16530	0.02
1155	16540	0.0201
1156	16550	0.0206
1157	16560	0.0208
1158	16570	0.0206
1159	16580	0.0208
1160	16590	0.0208
1161	16600	0.0209
1162	16610	0.0209
1163	16620	0.0207
1164	16630	0.0204
1165	16640	0.0202
1166	16650	0.0198
1167	16660	0.0193
1168	16670	0.0187
1169	16680	0.0184
1170	16690	0.0174
1171	16700	0.0169
1172	16710	0.0173
1173	16720	0.0173
1174	16730	0.0162
1175	16740	0.0156
1176	16750	0.0145
1177	16760	0.0133
1178	16770	0.0138
1179	16780	0.0136
1180	16790	0.0122
1181	16800	0.0112
1182	16810	0.0103
1183	16820	0.0096
1184	16830	0.0106
1185	16840	0.0104
1186	16850	0.0087
1187	16860	0.0077
1188	16870	0.0064
1189	16880	0.0052
1190	16890	0.0067
1191	16900	0.0069
1192	16910	0.0053
1193	16920	0.0049
1194	16930	0.0039
1195	16940	0.0031
1196	16950	0.0047
1197	16960	0.0046
1198	16970	0.003
1199	16980	0.0027
1200	16990	0.0022
1201	17000	0.0017
1202	17010	0.0035
1203	17020	0.0034
1204	17030	0.0016
1205	17040	0.0017
1206	17050	0.0013
1207	17060	0.0008
1208	17070	0.0023
1209	17080	0.002
1210	17090	0.0011
1211	17100	0.0014
1212	17110	0.0003
1213	17120	0
1214	17130	0.0015
1215	17140	0.002
1216	17150	0.0009
1217	17160	0.0013
1218	17170	0.0003
1219	17180	0
1220	17190	0.0016
1221	17200	0.0019
1222	17210	0.0008
1223	17220	0.0009
1224	17230	0
1225	17240	0
1226	17250	0.002
1227	17260	0.002
1228	17270	0.0005
1229	17280	0.0008
1230	17290	0
1231	17300	-0.001
1232	17310	0.0012
1233	17320	0.0018
1234	17330	0.0009
1235	17340	0.0006
1236	17350	0.0001
1237	17360	0.0002
1238	17370	0.002
1239	17380	0.0011
1240	17390	0.0007
1241	17400	0
1242	17410	-0.001
1243	17420	0
1244	17430	0.0014
1245	17440	0.0007
1246	17450	0.0002
1247	17460	0.0004
1248	17470	0
1249	17480	0
1250	17490	0.0018
1251	17500	0.0005
1252	17510	0.0001
1253	17520	0.0001
1254	17530	-0.001
1255	17540	0.0005
1256	17550	0.0016
1257	17560	0.0005
1258	17570	0.0004
1259	17580	0.0003
1260	17590	0
1261	17600	0
1262	17610	0.0018
1263	17620	0
1264	17630	0.0008
1265	17640	0.0006
1266	17650	0
1267	17660	0.0003
1268	17670	0.0013
1269	17680	0.0002
1270	17690	0
1271	17700	0
1272	17710	-0.001
1273	17720	0.0006
1274	17730	0.0004
1275	17740	0
1276	17750	0.0006
1277	17760	0
1278	17770	0
1279	17780	0.0017
1280	17790	0.0009
1281	17800	0.0014
1282	17810	0
1283	17820	-0.001
1284	17830	0
1285	17840	0.0017
1286	17850	0.0004
1287	17860	0.0004
1288	17870	0
1289	17880	-0.001
1290	17890	0
1291	17900	0.0016
1292	17910	0
1293	17920	0.0001
1294	17930	0
1295	17940	-0.001
1296	17950	0.0001
1297	17960	0.0014
1298	17970	0.0001
1299	17980	0.0003
1300	17990	0.0001
1301	18000	-0.001
1302	18010	0.0005
1303	18020	0.0015
1304	18030	0.0005
1305	18040	0.0001
1306	18050	0
1307	18060	-0.001
1308	18070	0.0005
1309	18080	0.0016
1310	18090	0
1311	18100	0
1312	18110	0
1313	18120	-0.001
1314	18130	0.0003
1315	18140	0.0009
1316	18150	0.0002
1317	18160	0.0002
1318	18170	0.0003
1319	18180	0
1320	18190	0.0001
1321	18200	0.001
1322	18210	0.0001
1323	18220	0.0005
1324	18230	0
1325	18240	-0.001
1326	18250	0.0002
1327	18260	0.001
1328	18270	0
1329	18280	0.0001
1330	18290	0
1331	18300	-0.001
1332	18310	0.0009
1333	18320	0.0016
1334	18330	0.0001
1335	18340	0.0004
1336	18350	0
1337	18360	-0.001
1338	18370	0.0007
1339	18380	0.0013
1340	18390	0
1341	18400	0.0003
1342	18410	0
1343	18420	-0.001
1344	18430	0.001
1345	18440	0.0008
1346	18450	0
1347	18460	0
1348	18470	0
1349	18480	0
1350	18490	0.0013
1351	18500	0.0016
1352	18510	0.0002
1353	18520	0
1354	18530	-0.001
1355	18540	-0.001
1356	18550	0.0001
1357	18560	0.0017
1358	18570	0.0002
1359	18580	0
1360	18590	0
1361	18600	-0.001
1362	18610	0.0006
1363	18620	0.0018
1364	18630	0.0001
1365	18640	0
1366	18650	-0.001
1367	18660	0
1368	18670	0.0007
1369	18680	0.0019
1370	18690	0.0007
1371	18700	0.0002
1372	18710	-0.001
1373	18720	-0.001
1374	18730	0.0002
1375	18740	0.0011
1376	18750	0
1377	18760	0
1378	18770	-0.001
1379	18780	-0.001
1380	18790	0.0001
1381	18800	0.0014
1382	18810	0.0003
1383	18820	0
1384	18830	-0.001
1385	18840	-0.001
1386	18850	0.0004
1387	18860	0.0016
1388	18870	0.0002
1389	18880	0
1390	18890	0
1391	18900	-0.001
1392	18910	0.0004
1393	18920	0.002
1394	18930	0.0007
1395	18940	0
1396	18950	0
1397	18960	-0.001
1398	18970	0.0008
1399	18980	0.0016
1400	18990	0
1401	19000	0
1402	19010	0
1403	19020	-0.001
1404	19030	0.0002
1405	19040	0.0022
1406	19050	0.0014
1407	19060	0.0009
1408	19070	0
1409	19080	-0.001
1410	19090	0
1411	19100	0.0022
1412	19110	0.0012
1413	19120	0.0001
1414	19130	0
1415	19140	-0.002
1416	19150	0
1417	19160	0.002
1418	19170	0.0002
1419	19180	0
1420	19190	0
1421	19200	-0.001
1422	19210	0.0011
1423	19220	0.0023
1424	19230	0.0012
1425	19240	0.0003
1426	19250	0
1427	19260	-0.001
1428	19270	0.001
1429	19280	0.0029
1430	19290	0.0014
1431	19300	0.0003
1432	19310	-0.001
1433	19320	-0.001
1434	19330	0.0018
1435	19340	0.0017
1436	19350	0
1437	19360	-0.001
1438	19370	-0.002
1439	19380	-0.001
1440	19390	0.0018
1441	19400	0.0018
1442	19410	0.0006
1443	19420	-0.001
1444	19430	-0.002
1445	19440	-0.001
1446	19450	0.0022
1447	19460	0.0021
1448	19470	0.0006
1449	19480	0
1450	19490	-0.001
1451	19500	-0.001
1452	19510	0.0019
1453	19520	0.0019
1454	19530	0.0004
1455	19540	-0.001
1456	19550	-0.001
1457	19560	-0.001
1458	19570	0.0021
1459	19580	0.0013
1460	19590	0.0009
1461	19600	-0.001
1462	19610	-0.001
1463	19620	-0.001
1464	19630	0.0008
1465	19640	0.001
1466	19650	0
1467	19660	-0.002
1468	19670	-0.001
1469	19680	0
1470	19690	0.0016
1471	19700	0
1472	19710	0.0001
1473	19720	0
1474	19730	0
1475	19740	0
1476	19750	0.0015
1477	19760	0
1478	19770	0
1479	19780	-0.001
1480	19790	-0.001
1481	19800	0
1482	19810	0.0014
1483	19820	0
1484	19830	0.0005
1485	19840	0
1486	19850	-0.001
1487	19860	0.0003
1488	19870	0.0023
1489	19880	0.0003
1490	19890	0
1491	19900	0
1492	19910	-0.001
1493	19920	0
1494	19930	0.0016
1495	19940	0.0002
1496	19950	0.0003
1497	19960	0
1498	19970	-0.001
1499	19980	0.0013
1500	19990	0.001
1501	20000	0
1502	20010	0.0004
1503	20020	0
1504	20030	0
1505	20040	0.0005
1506	20050	0.0004
1507	20060	-0.001
1508	20070	0
1509	20080	0
1510	20090	-0.001
1511	20100	0.0017
1512	20110	0.0013
1513	20120	0
1514	20130	0
1515	20140	-0.002
1516	20150	-0.001
1517	20160	0.0022
1518	20170	0.0004
1519	20180	0.0003
1520	20190	0
1521	20200	-0.001
1522	20210	0
1523	20220	0.0018
1524	20230	0.0001
1525	20240	0.0007
1526	20250	0
1527	20260	-0.002
1528	20270	0
1529	20280	0.0017
1530	20290	0.0001
1531	20300	0
1532	20310	0
1533	20320	-0.001
1534	20330	0
1535	20340	0.0014
1536	20350	0
1537	20360	0
1538	20370	0
1539	20380	-0.001
1540	20390	0.0004
1541	20400	0.0017
1542	20410	0
1543	20420	0
1544	20430	0
1545	20440	-0.001
1546	20450	0.0006
1547	20460	0.001
1548	20470	0
1549	20480	0
1550	20490	0.0004
1551	20500	-0.001
1552	20510	0.0002
1553	20520	0.0012
1554	20530	0.0002
1555	20540	0.0004
1556	20550	0
1557	20560	-0.002
1558	20570	0.0001
1559	20580	0.002
1560	20590	0.0005
1561	20600	0.0004
1562	20610	0
1563	20620	-0.001
1564	20630	0
1565	20640	0.0013
1566	20650	0
1567	20660	0
1568	20670	0
1569	20680	0
1570	20690	0.0009
1571	20700	0.0014
1572	20710	0
1573	20720	0
1574	20730	0
1575	20740	-0.001
1576	20750	0.0005
1577	20760	0.0012
1578	20770	0
1579	20780	0
1580	20790	0
1581	20800	-0.001
1582	20810	0.0003
1583	20820	0.0019
1584	20830	0.0005
1585	20840	0.0003
1586	20850	0
1587	20860	-0.001
1588	20870	0
1589	20880	0.0014
1590	20890	0.0006
1591	20900	0.0003
1592	20910	0
1593	20920	-0.001
1594	20930	0.0005
1595	20940	0.0009
1596	20950	0
1597	20960	0.0004
1598	20970	-0.001
1599	20980	-0.001
1600	20990	0.0006
1601	21000	0.0011
1602	21010	0
1603	21020	0
1604	21030	0
1605	21040	-0.001
1606	21050	0.001
1607	21060	0.0019
1608	21070	0.0004
1609	21080	0
1610	21090	-0.001
1611	21100	-0.001
1612	21110	0.0007
1613	21120	0.0014
1614	21130	0
1615	21140	0
1616	21150	-0.001
1617	21160	-0.001
1618	21170	0.0009
1619	21180	0.0017
1620	21190	0.0005
1621	21200	0
1622	21210	-0.001
1623	21220	-0.001
1624	21230	0.0006
1625	21240	0.0009
1626	21250	0.0003
1627	21260	0.0009
1628	21270	0
1629	21280	0
1630	21290	0.0012
1631	21300	0.0012
1632	21310	0
1633	21320	0.0002
1634	21330	0
1635	21340	-0.001
1636	21350	0.0013
1637	21360	0.0015
1638	21370	0.0004
1639	21380	0.0003
1640	21390	-0.001
1641	21400	-0.001
1642	21410	0.0014
1643	21420	0.001
1644	21430	0
1645	21440	0.0001
1646	21450	-0.001
1647	21460	-0.001
1648	21470	0.0013
1649	21480	0.0015
1650	21490	0.0004
1651	21500	0
1652	21510	-0.001
1653	21520	-0.001
1654	21530	0.0004
1655	21540	0.0002
1656	21550	0
1657	21560	0
1658	21570	-0.001
1659	21580	-0.001
1660	21590	0.0013
1661	21600	0.0008
1662	21610	0.0004
1663	21620	0.0001
1664	21630	-0.001
1665	21640	0
1666	21650	0.0026
1667	21660	0.0017
1668	21670	0.0001
1669	21680	0
1670	21690	-0.002
1671	21700	-0.001
1672	21710	0.0016
1673	21720	0.0013
1674	21730	0.0009
1675	21740	0.0004
1676	21750	-0.001
1677	21760	-0.001
1678	21770	0.0024
1679	21780	0.0013
1680	21790	0.0011
1681	21800	0.0006
1682	21810	-0.001
1683	21820	0
1684	21830	0.0019
1685	21840	0.0006
1686	21850	0
1687	21860	-0.001
1688	21870	-0.001
1689	21880	0
1690	21890	0.0021
1691	21900	0.001
1692	21910	0.0007
1693	21920	0.0001
1694	21930	-0.001
1695	21940	0.0005
1696	21950	0.0025
1697	21960	0.0012
1698	21970	0.0018
1699	21980	0
1700	21990	-0.002
1701	22000	0
1702	22010	0.0033
1703	22020	0.0018
1704	22030	-0.001
1705	22040	0.0011
1706	22050	-0.001
1707	22060	0
1708	22070	0.0028
1709	22080	0.0002
1710	22090	0
1711	22100	0.0009
1712	22110	-0.003
1713	22120	-0.001
1714	22130	0.0019
1715	22140	0.0018
1716	22150	0.0007
1717	22160	0.0008
1718	22170	-0.004
1719	22180	0
1720	22190	0.0026
1721	22200	0.0018
1722	22210	0
1723	22220	0.0005
1724	22230	-0.004
1725	22240	-0.001
1726	22250	0.003
1727	22260	0.0013
1728	22270	0
1729	22280	0.0019
1730	22290	-0.003
1731	22300	0
1732	22310	0.0037
1733	22320	0.0017
1734	22330	-0.001
1735	22340	0.002
1736	22350	-0.003
1737	22360	0
1738	22370	0.0026
1739	22380	0.0023
1740	22390	0
1741	22400	0.0018
1742	22410	-0.003
1743	22420	-0.001
1744	22430	0.0022
1745	22440	0.0005
1746	22450	-0.001
1747	22460	0.0003
1748	22470	-0.004
1749	22480	-0.001
1750	22490	0.0024
1751	22500	0.0011
1752	22510	0.0012
1753	22520	0.0028
1754	22530	-0.003
1755	22540	0.0017
1756	22550	0.0008
1757	22560	-0.002
1758	22570	0.0001
1759	22580	-0.002
1760	22590	-0.001
1761	22600	0.0033
1762	22610	0.0022
1763	22620	0
1764	22630	0.0012
1765	22640	-0.001
1766	22650	-0.001
1767	22660	0.0034
1768	22670	0.0034
1769	22680	-0.001
1770	22690	0.0019
1771	22700	0
1772	22710	-0.001
1773	22720	0.0038
1774	22730	0.001
1775	22740	-0.002
1776	22750	0.0002
1777	22760	-0.003
1778	22770	-0.004
1779	22780	0.0022
1780	22790	0.0014
1781	22800	-0.001
1782	22810	0.001
1783	22820	-0.001
1784	22830	-0.005
1785	22840	0.0013
1786	22850	0
1787	22860	-0.002
1788	22870	0.0012
1789	22880	-0.003
1790	22890	-0.003
1791	22900	0.0034
1792	22910	0.0024
1793	22920	-0.001
1794	22930	0.0029
1795	22940	0
1796	22950	-0.001
1797	22960	0.0039
1798	22970	0.0006
1799	22980	0
1800	22990	0.0013
1801	23000	-0.003
1802	23010	-0.002
1803	23020	0.0038
1804	23030	0.0014
1805	23040	-0.002
1806	23050	0.0012
1807	23060	-0.003
1808	23070	-0.001
1809	23080	0.004
1810	23090	0.0015
1811	23100	0
1812	23110	0.0016
1813	23120	-0.003
1814	23130	-0.003
1815	23140	0.0034
1816	23150	0.0018
1817	23160	-0.001
1818	23170	0.0006
1819	23180	-0.004
1820	23190	-0.002
1821	23200	0.0025
1822	23210	0.0005
1823	23220	0
1824	23230	0.0024
1825	23240	-0.001
1826	23250	0
1827	23260	0.0029
1828	23270	0.0017
1829	23280	-0.001
1830	23290	0.0004
1831	23300	-0.001
1832	23310	0.0005
1833	23320	0.0046
1834	23330	0.0008
1835	23340	-0.002
1836	23350	0
1837	23360	-0.003
1838	23370	-0.001
1839	23380	0.0033
1840	23390	0.0002
1841	23400	-0.002
1842	23410	-0.001
1843	23420	-0.002
1844	23430	0
1845	23440	0.0044
1846	23450	0.0024
1847	23460	-0.001
1848	23470	0
1849	23480	-0.004
1850	23490	-0.001
1851	23500	0.0034
1852	23510	0
1853	23520	-0.001
1854	23530	0.0004
1855	23540	-0.001
1856	23550	0
1857	23560	0.0033
1858	23570	0.0009
1859	23580	0.0003
1860	23590	0.0002
1861	23600	-0.004
1862	23610	0
1863	23620	0.0044
1864	23630	0
1865	23640	0.0003
1866	23650	0.001
1867	23660	-0.002
1868	23670	0
1869	23680	0.0038
1870	23690	0.0007
1871	23700	0
1872	23710	0.0001
1873	23720	-0.003
1874	23730	0.0004
1875	23740	0.005
1876	23750	0.0011
1877	23760	0
1878	23770	-0.001
1879	23780	-0.004
1880	23790	0
1881	23800	0.0053
1882	23810	0.0014
1883	23820	0
1884	23830	0.0003
1885	23840	-0.002
1886	23850	0.0008
1887	23860	0.0022
1888	23870	-0.002
1889	23880	0.0005
1890	23890	0.0013
1891	23900	-0.001
1892	23910	0.0022
1893	23920	0.0047
1894	23930	0.0006
1895	23940	0.0017
1896	23950	0.0004
1897	23960	-0.003
1898	23970	0
1899	23980	0.0021
1900	23990	-0.002
1901	24000	0
1902	24010	0.0004
1903	24020	-0.003
1904	24030	0
1905	24040	0.0034
1906	24050	-0.002
1907	24060	-0.001
1908	24070	0.0004
1909	24080	-0.002
1910	24090	0.0017
1911	24100	0.0018
1912	24110	-0.004
1913	24120	-0.001
1914	24130	-0.001
1915	24140	-0.005
1916	24150	0.0011
1917	24160	0.0057
1918	24170	-0.001
1919	24180	0.0006
1920	24190	-0.002
1921	24200	-0.003
1922	24210	0.0035
1923	24220	0.0037
1924	24230	-0.003
1925	24240	0
1926	24250	-0.002
1927	24260	-0.005
1928	24270	0.0012
1929	24280	0.0058
1930	24290	0.0005
1931	24300	0.0035
1932	24310	-0.001
1933	24320	-0.005
1934	24330	0.003
1935	24340	0.0038
1936	24350	-0.001
1937	24360	0.001
1938	24370	-0.002
1939	24380	-0.006
1940	24390	0.0046
1941	24400	0.0045
1942	24410	-0.002
1943	24420	0
1944	24430	-0.003
1945	24440	-0.005
1946	24450	0.0024
1947	24460	0.0046
1948	24470	-0.002
1949	24480	-0.002
1950	24490	0.0003
1951	24500	-0.005
1952	24510	0.0031
1953	24520	0.0045
1954	24530	-0.005
1955	24540	-0.002
1956	24550	-0.001
1957	24560	-0.012
1958	24570	-0.001
1959	24580	0.0045
1960	24590	-0.001
1961	24600	-0.001
1962	24610	-0.002
1963	24620	-0.008
1964	24630	0.0051
1965	24640	0.0058
1966	24650	-0.002
1967	24660	-0.002
1968	24670	0.0016
1969	24680	-0.004
1970	24690	0.0029
1971	24700	0.0025
1972	24710	0.0038
1973	24720	0.002
1974	24730	0.0012
1975	24740	-0.005
1976	24750	-0.001
1977	24760	0
1978	24770	-0.002
1979	24780	-0.006
1980	24790	-0.005
1981	24800	-0.01
1982	24810	0.0028
1983	24820	0.0029
1984	24830	0.0028
1985	24840	-0.001
1986	24850	-0.001
1987	24860	-0.002
1988	24870	0.0025
1989	24880	0.0015
1990	24890	0.0019
1991	24900	-0.004
1992	24910	-0.003
1993	24920	-0.003
1994	24930	-0.004
1995	24940	-0.004
1996	24950	-0.001
1997	24960	-0.005
1998	24970	0
1999	24980	-0.002
2000	24990	0.0001
2001	25000	-0.001
2002	25010	-0.0217
2003	25020	-0.0362
2004	25030	0.0631
2005	25040	-0.029
2006	25050	0.0054
2007	25060	-0.0162
2008	25070	0.0855
2009	25080	0.0238
2010	25090	-0.0149
2011	25100	-0.0033
2012	25110	0.1324
2013	25120	0.0492
2014	25130	-0.0412
2015	25140	-0.0371
2016	25150	0.075
2017	25160	0.0218
2018	25170	-0.1098
2019	25180	0.0891
2020	25190	0.0723
2021	25200	0.0669
2022	25210	0.0205
2023	25220	0.1209
2024	25230	0.0323
2025	25240	0.0295
2026	25250	-0.0111
2027	25260	0.0759
2028	25270	0.0077
2029	25280	0.0484
2030	25290	-0.0286
2031	25300	0.086
2032	25310	0.1759
2033	25320	0.0322
2034	25330	-0.0454
2035	25340	0.0344
2036	25350	0.057
2037	25360	0.0973
2038	25370	-0.0825
2039	25380	0.0238
2040	25390	-0.0805
2041	25400	0.0153
2042	25410	-0.0137
2043	25420	-0.0795
2044	25430	0.0777
2045	25440	-0.078
2046	25450	-0.0647
2047	25460	-0.0329
2048	25470	-0.0107
2049	25480	-0.0468
2050	25490	0.0459
2051	25500	0.0047
2052	25510	0.063
2053	25520	-0.0495
2054	25530	-0.0222
2055	25540	-0.0015
2056	25550	0.0941
2057	25560	0.029
2058	25570	0.0935
2059	25580	0.0148
2060	25590	0.049
2061	25600	0.0041
2062	25610	0.0319
2063	25620	0.0135
2064	25630	0.0316
2065	25640	-0.0004
2066	25650	0.2087
2067	25660	0.0511
2068	25670	0.0638
2069	25680	0.1071
2070	25690	0.112
2071	25700	0.0621
2072	25710	0.0575
2073	25720	0.125
2074	25730	0.1209
2075	25740	0.1188
2076	25750	-0.0708
2077	25760	-0.0095
2078	25770	-0.0197
2079	25780	-0.0203
2080	25790	0.0206
2081	25800	0.0202
2082	25810	-0.0541
2083	25820	-0.0617
2084	25830	0.035
2085	25840	0.158
2086	25850	0.0981
2087	25860	-0.0051
2088	25870	-0.0353
2089	25880	0.0687
2090	25890	0.1432
2091	25900	0.0125
2092	25910	-0.1379
2093	25920	0.1522
2094	25930	-0.0149
2095	25940	-0.0526
2096	25950	-0.0083
2097	25960	0.0285
2098	25970	0.0278
2099	25980	0.0374
2100	25990	0.0533
2101	26000	-0.0212
2102	26010	-0.0832
2103	26020	0.0928
2104	26030	-0.0226
2105	26040	0.0133
2106	26050	-0.0012
2107	26060	0.0332
2108	26070	-0.0191
2109	26080	0.0002
2110	26090	0.0716
2111	26100	-0.031
2112	26110	0.1021
2113	26120	-0.0557
2114	26130	0.03
2115	26140	-0.0129
2116	26150	-0.0181
2117	26160	-0.0642
2118	26170	0.0416
2119	26180	0.0527
2120	26190	-0.0151
2121	26200	-0.0232
2122	26210	0.1743
2123	26220	-0.0496
2124	26230	-0.0031
2125	26240	0.0395
2126	26250	0.0206
2127	26260	-0.047
2128	26270	0.076
2129	26280	0.0527
2130	26290	0.0414
2131	26300	-0.01
2132	26310	-0.0027
2133	26320	-0.0203
2134	26330	-0.0073
2135	26340	0.0042
2136	26350	0.0051
2137	26360	0.0056
2138	26370	0.0131
2139	26380	-0.0249
2140	26390	0.0251
2141	26400	-0.0462
2142	26410	0.0105
2143	26420	-0.0174
2144	26430	-0.0031
2145	26440	0.039
2146	26450	0.0038
2147	26460	-0.0108
2148	26470	0.1092
2149	26480	0.0937
2150	26490	0.1327
2151	26500	-0.0633
2152	26510	-0.0087
2153	26520	0.0004
2154	26530	0.033
2155	26540	-0.0445
2156	26550	0.0159
2157	26560	0.1229
2158	26570	0.0057
2159	26580	-0.0594
2160	26590	0.0503
2161	26600	0.0022
2162	26610	-0.0132
2163	26620	0.1842
2164	26630	-0.0366
2165	26640	0.0718
2166	26650	0.0124
2167	26660	0.0606
2168	26670	-0.0349
2169	26680	-0.0155
2170	26690	-0.0006
2171	26700	0.0708
2172	26710	0.0277
2173	26720	0.0382
2174	26730	0.0931
2175	26740	-0.0252
2176	26750	-0.0162
2177	26760	0.0823
2178	26770	-0.0705
2179	26780	-0.035
2180	26790	-0.0295
2181	26800	-0.0703
2182	26810	0.0064
2183	26820	0.0787
2184	26830	0.0201
2185	26840	0.0284
2186	26850	0.0969
2187	26860	0.1511
2188	26870	0.0921
2189	26880	0.0107
2190	26890	0.0004
2191	26900	0.0004
2192	26910	-0.1554
2193	26920	0.0018
2194	26930	-0.0066
2195	26940	-0.0242
2196	26950	0.0281
2197	26960	0.0807
2198	26970	0.054
2199	26980	-0.0266
2200	26990	0.0133
2201	27000	-0.0418
2202	27010	0.0432
2203	27020	-0.017
2204	27030	-0.074
2205	27040	0.0606
2206	27050	0.0346
2207	27060	-0.0257
2208	27070	0.0551
2209	27080	0.0795
2210	27090	0.1723
2211	27100	0.055
2212	27110	-0.0336
2213	27120	0.0707
2214	27130	-0.0063
2215	27140	-0.0427
2216	27150	-0.082
2217	27160	0.0095
2218	27170	0.1116
2219	27180	-0.0231
2220	27190	0.1201
2221	27200	-0.0006
2222	27210	0.0351
2223	27220	0.0657
2224	27230	-0.0453
2225	27240	0.0285
2226	27250	-0.0492
2227	27260	0.043
2228	27270	-0.0173
2229	27280	-0.0905
2230	27290	0.0049
2231	27300	0.0505
2232	27310	-0.0211
2233	27320	0.0041
2234	27330	0.0145
2235	27340	0.0746
2236	27350	-0.0045
2237	27360	0.0893
2238	27370	-0.0408
2239	27380	-0.0889
2240	27390	0.046
2241	27400	-0.009
2242	27410	0.0641
2243	27420	-0.0482
2244	27430	-0.064
2245	27440	-0.1216
2246	27450	0.0826
2247	27460	-0.0335
2248	27470	-0.1567
2249	27480	0.009
2250	27490	0.0361
2251	27500	0.0381
2252	27510	0.0576
2253	27520	-0.0228
2254	27530	0.0621
2255	27540	0.0268
2256	27550	-0.0447
2257	27560	0.0274
2258	27570	0.0561
2259	27580	0.0586
2260	27590	0.0453
2261	27600	-0.0268
2262	27610	0.1135
2263	27620	0.0819
2264	27630	0.0498
2265	27640	0.0629
2266	27650	-0.0137
2267	27660	-0.0616
2268	27670	0.0175
2269	27680	0.0546
2270	27690	0.1017
2271	27700	0.0034
2272	27710	-0.0124
2273	27720	0.053
2274	27730	0.0657
2275	27740	0.0575
2276	27750	0.0753
2277	27760	0.0262
2278	27770	0.0156
2279	27780	0.073
2280	27790	0.0994
2281	27800	0.1014
2282	27810	-0.0239
2283	27820	0.1345
2284	27830	0.0441
2285	27840	0.0366
2286	27850	0.0605
2287	27860	0.1244
2288	27870	-0.0622
2289	27880	0.0016
2290	27890	-0.0103
2291	27900	-0.0396
2292	27910	0.0528
2293	27920	0.0215
2294	27930	0.0085
2295	27940	0.0268
2296	27950	0.0533
2297	27960	0.0269
2298	27970	0.0482
2299	27980	0.0134
2300	27990	0.0214
2301	28000	0.1061
2302	28010	0.0449
2303	28020	0.018
2304	28030	0.0533
2305	28040	0.0123
2306	28050	0.0365
2307	28060	0.0282
2308	28070	0.0531
2309	28080	0.0122
2310	28090	0.0389
2311	28100	0.0767
2312	28110	0.0401
2313	28120	-0.0849
2314	28130	-0.0499
2315	28140	-0.0266
2316	28150	0.0208
2317	28160	0.05
2318	28170	0.0279
2319	28180	0.1214
2320	28190	0.0183
2321	28200	-0.0953
2322	28210	0.0868
2323	28220	0.0324
2324	28230	0.0756
2325	28240	-0.0458
2326	28250	0.0034
2327	28260	0.077
2328	28270	-0.0323
2329	28280	0.0294
2330	28290	0.107
2331	28300	-0.0793
2332	28310	0.0984
2333	28320	-0.0258
2334	28330	0.0422
2335	28340	0.053
2336	28350	0.0887
2337	28360	0.0227
2338	28370	0.0043
2339	28380	0.0156
2340	28390	0.0492
2341	28400	0.057
2342	28410	-0.025
2343	28420	0.0361
2344	28430	0.0362
2345	28440	0.0708
2346	28450	0.0596
2347	28460	0.0898
2348	28470	0.0089
2349	28480	0.0804
2350	28490	0.0427
2351	28500	0.0384
2352	28510	0.0269
2353	28520	0.0036
2354	28530	0.024
2355	28540	0.1052
2356	28550	0.1618
2357	28560	0.0846
2358	28570	0.2219
2359	28580	0.1548
2360	28590	0.1634
2361	28600	0.112
2362	28610	0.2243
2363	28620	0.2614
2364	28630	0.303
2365	28640	0.2839
2366	28650	0.3614
2367	28660	0.3247
2368	28670	0.393
2369	28680	0.5807
2370	28690	0.6845
2371	28700	0.6408
2372	28710	0.8904
2373	28720	0.9322
2374	28730	1.0029
2375	28740	1.1855
2376	28750	1.3794
2377	28760	1.4288
2378	28770	1.6104
2379	28780	1.8342
2380	28790	1.8608
2381	28800	1.812
2382	28810	1.8673
2383	28820	1.938
2384	28830	1.8122
2385	28840	1.7829
2386	28850	1.7515
2387	28860	1.6005
2388	28870	1.487
2389	28880	1.4745
2390	28890	1.192
2391	28900	1.2323
2392	28910	1.1432
2393	28920	1.0613
2394	28930	0.9018
2395	28940	0.9724
2396	28950	0.8416
2397	28960	0.8632
2398	28970	0.6868
2399	28980	0.7381
2400	28990	0.7619
2401	29000	0.7609
2402	29010	0.6325
2403	29020	0.6883
2404	29030	0.6075
2405	29040	0.6278
2406	29050	0.6259
2407	29060	0.5419
2408	29070	0.6052
2409	29080	0.5828
2410	29090	0.487
2411	29100	0.579
2412	29110	0.522
2413	29120	0.4649
2414	29130	0.4484
2415	29140	0.5178
2416	29150	0.3545
2417	29160	0.495
2418	29170	0.3763
2419	29180	0.4303
2420	29190	0.4697
2421	29200	0.3846
2422	29210	0.3865
2423	29220	0.287
2424	29230	0.4456
2425	29240	0.353
2426	29250	0.3939
2427	29260	0.4136
2428	29270	0.3871
2429	29280	0.2475
2430	29290	0.2897
2431	29300	0.3844
2432	29310	0.3204
2433	29320	0.2003
2434	29330	0.3187
2435	29340	0.1965
2436	29350	0.3
2437	29360	0.2873
2438	29370	0.2694
2439	29380	0.2557
