# from Michele Cirasuolo 27/10/2011
#           200 z' Subaru SuprimeCam
    7899.8      0.0000E+00
    7914.0      0.1119E-03
    7928.3      0.3291E-03
    7942.6      0.5858E-03
    7956.8      0.8293E-03
    7971.1      0.1119E-02
    7985.4      0.1454E-02
    7999.7      0.1796E-02
    8013.9      0.2025E-02
    8028.2      0.2284E-02
    8042.5      0.2593E-02
    8056.8      0.2899E-02
    8071.0      0.3273E-02
    8085.3      0.3677E-02
    8099.6      0.4217E-02
    8113.8      0.4792E-02
    8128.1      0.5364E-02
    8142.4      0.6032E-02
    8156.7      0.6913E-02
    8170.9      0.7985E-02
    8185.2      0.9156E-02
    8199.5      0.1051E-01
    8213.8      0.1204E-01
    8228.0      0.1392E-01
    8242.3      0.1626E-01
    8256.6      0.1904E-01
    8270.8      0.2223E-01
    8285.1      0.2604E-01
    8299.4      0.3061E-01
    8313.7      0.3670E-01
    8327.9      0.4421E-01
    8342.2      0.5310E-01
    8356.5      0.6373E-01
    8370.8      0.7604E-01
    8385.0      0.9047E-01
    8399.3      0.1075E+00
    8413.6      0.1269E+00
    8427.8      0.1488E+00
    8442.1      0.1745E+00
    8456.4      0.2017E+00
    8470.7      0.2303E+00
    8484.9      0.2608E+00
    8499.2      0.2918E+00
    8513.5      0.3219E+00
    8527.8      0.3527E+00
    8542.0      0.3827E+00
    8556.3      0.4122E+00
    8570.6      0.4349E+00
    8584.8      0.4536E+00
    8599.1      0.4733E+00
    8613.4      0.4892E+00
    8627.7      0.4996E+00
    8641.9      0.5052E+00
    8656.2      0.5090E+00
    8670.5      0.5150E+00
    8684.7      0.5184E+00
    8699.0      0.5175E+00
    8713.3      0.5165E+00
    8727.6      0.5144E+00
    8741.8      0.5111E+00
    8756.1      0.5068E+00
    8770.4      0.5023E+00
    8784.7      0.4973E+00
    8798.9      0.4926E+00
    8813.2      0.4881E+00
    8827.5      0.4848E+00
    8841.7      0.4827E+00
    8856.0      0.4808E+00
    8870.3      0.4791E+00
    8884.6      0.4779E+00
    8898.8      0.4766E+00
    8913.1      0.4668E+00
    8927.4      0.4560E+00
    8941.7      0.4448E+00
    8955.9      0.4335E+00
    8970.2      0.4217E+00
    8984.5      0.4131E+00
    8998.7      0.4124E+00
    9013.0      0.4101E+00
    9027.3      0.4077E+00
    9041.6      0.4053E+00
    9055.8      0.4031E+00
    9070.1      0.3996E+00
    9084.4      0.3956E+00
    9098.7      0.3918E+00
    9112.9      0.3880E+00
    9127.2      0.3842E+00
    9141.5      0.3805E+00
    9155.7      0.3768E+00
    9170.0      0.3726E+00
    9184.3      0.3685E+00
    9198.6      0.3643E+00
    9212.8      0.3599E+00
    9227.1      0.3555E+00
    9241.4      0.3513E+00
    9255.7      0.3472E+00
    9269.9      0.3333E+00
    9284.2      0.3153E+00
    9298.5      0.2975E+00
    9312.7      0.2804E+00
    9327.0      0.2635E+00
    9341.3      0.2467E+00
    9355.6      0.2379E+00
    9369.8      0.2415E+00
    9384.1      0.2448E+00
    9398.4      0.2477E+00
    9412.7      0.2502E+00
    9426.9      0.2475E+00
    9441.2      0.2392E+00
    9455.5      0.2308E+00
    9469.7      0.2283E+00
    9484.0      0.2283E+00
    9498.3      0.2281E+00
    9512.6      0.2234E+00
    9526.8      0.2183E+00
    9541.1      0.2139E+00
    9555.4      0.2147E+00
    9569.6      0.2154E+00
    9583.9      0.2164E+00
    9598.2      0.2179E+00
    9612.5      0.2192E+00
    9626.7      0.2203E+00
    9641.0      0.2214E+00
    9655.3      0.2221E+00
    9669.6      0.2225E+00
    9683.8      0.2223E+00
    9698.1      0.2215E+00
    9712.4      0.2149E+00
    9726.6      0.2070E+00
    9740.9      0.1990E+00
    9755.2      0.1944E+00
    9769.5      0.1890E+00
    9783.7      0.1823E+00
    9798.0      0.1742E+00
    9812.3      0.1642E+00
    9826.6      0.1523E+00
    9840.8      0.1392E+00
    9855.1      0.1250E+00
    9869.4      0.1095E+00
    9883.6      0.9380E-01
    9897.9      0.7894E-01
    9912.2      0.6553E-01
    9926.5      0.5383E-01
    9940.7      0.4362E-01
    9955.0      0.3501E-01
    9969.3      0.2790E-01
    9983.6      0.2213E-01
    9997.8      0.1755E-01
   10012.1      0.1408E-01
   10026.4      0.1139E-01
   10040.6      0.9210E-02
   10054.9      0.7513E-02
   10069.2      0.6213E-02
   10083.5      0.5212E-02
   10097.7      0.4360E-02
   10112.0      0.3686E-02
   10126.3      0.3139E-02
   10140.6      0.2659E-02
   10154.8      0.2219E-02
   10169.1      0.1848E-02
   10183.4      0.1533E-02
   10197.6      0.1279E-02
   10211.9      0.1099E-02
   10226.2      0.9315E-03
   10240.5      0.8046E-03
   10254.7      0.7064E-03
   10269.0      0.6199E-03
   10283.3      0.5651E-03
   10297.6      0.4957E-03
   10311.8      0.4576E-03
   10326.1      0.4171E-03
   10340.4      0.3703E-03
   10354.6      0.3221E-03
   10368.9      0.2740E-03
   10383.2      0.2541E-03
   10397.5      0.2167E-03
   10411.7      0.1898E-03
   10426.0      0.1589E-03
   10440.3      0.1408E-03
   10454.5      0.1342E-03
   10468.8      0.1232E-03
   10483.1      0.1024E-03
   10497.4      0.7322E-04
   10511.6      0.7045E-04
   10525.9      0.7282E-04
   10540.2      0.7659E-04
   10554.5      0.7169E-04
   10568.7      0.6529E-04
   10583.0      0.5918E-04
   10597.3      0.5609E-04
   10611.5      0.5833E-04
   10625.8      0.5142E-04
   10640.1      0.4033E-04
   10654.4      0.3010E-04
   10668.6      0.2191E-04
   10682.9      0.1586E-04
   10697.2      0.1009E-04
   10711.5      0.5977E-05
   10725.7      0.2381E-05
   10740.0      0.0000E+00
