# from Michele Cirasuolo 27/10/2011
#           188 V Subaru SuprimeCam
     4770.0      0.0000E+00
     4780.0      0.1427E-03
     4790.0      0.1907E-03
     4800.0      0.2390E-03
     4810.0      0.5754E-03
     4820.0      0.1251E-02
     4830.0      0.2798E-02
     4840.0      0.5711E-02
     4850.0      0.1078E-01
     4860.0      0.1880E-01
     4870.0      0.3009E-01
     4880.0      0.4463E-01
     4890.0      0.6231E-01
     4900.0      0.8285E-01
     4910.0      0.1052E+00
     4920.0      0.1291E+00
     4930.0      0.1543E+00
     4940.0      0.1793E+00
     4950.0      0.2051E+00
     4960.0      0.2312E+00
     4970.0      0.2548E+00
     4980.0      0.2768E+00
     4990.0      0.2973E+00
     5000.0      0.3155E+00
     5010.0      0.3321E+00
     5020.0      0.3469E+00
     5030.0      0.3594E+00
     5040.0      0.3700E+00
     5050.0      0.3787E+00
     5060.0      0.3875E+00
     5070.0      0.3957E+00
     5080.0      0.4044E+00
     5090.0      0.4137E+00
     5100.0      0.4188E+00
     5110.0      0.4234E+00
     5120.0      0.4319E+00
     5130.0      0.4388E+00
     5140.0      0.4453E+00
     5150.0      0.4506E+00
     5160.0      0.4547E+00
     5170.0      0.4596E+00
     5180.0      0.4631E+00
     5190.0      0.4651E+00
     5200.0      0.4669E+00
     5210.0      0.4700E+00
     5220.0      0.4742E+00
     5230.0      0.4794E+00
     5240.0      0.4850E+00
     5250.0      0.4886E+00
     5260.0      0.4923E+00
     5270.0      0.4965E+00
     5280.0      0.5015E+00
     5290.0      0.5066E+00
     5300.0      0.5097E+00
     5310.0      0.5128E+00
     5320.0      0.5146E+00
     5330.0      0.5150E+00
     5340.0      0.5162E+00
     5350.0      0.5186E+00
     5360.0      0.5209E+00
     5370.0      0.5210E+00
     5380.0      0.5214E+00
     5390.0      0.5240E+00
     5400.0      0.5270E+00
     5410.0      0.5277E+00
     5420.0      0.5277E+00
     5430.0      0.5293E+00
     5440.0      0.5304E+00
     5450.0      0.5308E+00
     5460.0      0.5315E+00
     5470.0      0.5331E+00
     5480.0      0.5343E+00
     5490.0      0.5362E+00
     5500.0      0.5391E+00
     5510.0      0.5405E+00
     5520.0      0.5419E+00
     5530.0      0.5438E+00
     5540.0      0.5450E+00
     5550.0      0.5467E+00
     5560.0      0.5483E+00
     5570.0      0.5492E+00
     5580.0      0.5488E+00
     5590.0      0.5478E+00
     5600.0      0.5470E+00
     5610.0      0.5451E+00
     5620.0      0.5429E+00
     5630.0      0.5402E+00
     5640.0      0.5390E+00
     5650.0      0.5387E+00
     5660.0      0.5374E+00
     5670.0      0.5375E+00
     5680.0      0.5391E+00
     5690.0      0.5415E+00
     5701.6      0.5527E+00
     5711.0      0.5548E+00
     5720.4      0.5563E+00
     5729.7      0.5570E+00
     5739.1      0.5568E+00
     5748.4      0.5556E+00
     5757.8      0.5537E+00
     5767.2      0.5511E+00
     5776.5      0.5479E+00
     5785.9      0.5447E+00
     5795.3      0.5418E+00
     5804.6      0.5396E+00
     5814.0      0.5378E+00
     5823.4      0.5358E+00
     5832.7      0.5330E+00
     5842.1      0.5285E+00
     5851.5      0.5212E+00
     5860.8      0.5100E+00
     5870.2      0.4938E+00
     5879.6      0.4726E+00
     5888.9      0.4465E+00
     5898.3      0.4163E+00
     5907.7      0.3829E+00
     5917.0      0.3474E+00
     5926.4      0.3114E+00
     5935.8      0.2760E+00
     5945.1      0.2425E+00
     5954.5      0.2115E+00
     5963.9      0.1834E+00
     5973.2      0.1584E+00
     5982.6      0.1364E+00
     5992.0      0.1172E+00
     6001.3      0.1005E+00
     6010.7      0.8623E-01
     6020.1      0.7385E-01
     6029.4      0.6312E-01
     6038.8      0.5385E-01
     6048.2      0.4587E-01
     6057.5      0.3901E-01
     6066.9      0.3313E-01
     6076.2      0.2811E-01
     6085.6      0.2381E-01
     6095.0      0.2020E-01
     6104.3      0.1713E-01
     6113.7      0.1455E-01
     6123.1      0.1240E-01
     6132.4      0.1059E-01
     6141.8      0.9071E-02
     6151.2      0.7809E-02
     6160.5      0.6753E-02
     6169.9      0.5874E-02
     6179.3      0.5123E-02
     6188.6      0.4488E-02
     6198.0      0.3963E-02
     6207.4      0.3509E-02
     6216.7      0.3116E-02
     6226.1      0.2773E-02
     6235.5      0.2486E-02
     6244.8      0.2236E-02
     6254.2      0.2030E-02
     6263.6      0.1836E-02
     6272.9      0.1680E-02
     6282.3      0.1548E-02
     6291.7      0.1429E-02
     6301.0      0.1323E-02
     6310.4      0.1223E-02
     6319.8      0.1129E-02
     6329.1      0.1035E-02
     6338.5      0.9602E-03
     6347.9      0.8849E-03
     6357.2      0.8220E-03
     6366.6      0.7526E-03
     6376.0      0.6958E-03
     6385.3      0.6389E-03
     6394.7      0.5946E-03
     6404.1      0.5502E-03
     6413.4      0.4989E-03
     6422.8      0.4476E-03
     6432.1      0.3961E-03
     6441.5      0.3575E-03
     6450.9      0.3319E-03
     6460.2      0.2997E-03
     6469.6      0.2674E-03
     6479.0      0.2481E-03
     6488.3      0.2418E-03
     6497.7      0.2290E-03
     6507.1      0.2094E-03
     6516.4      0.1767E-03
     6525.8      0.1375E-03
     6535.2      0.1113E-03
     6544.5      0.8511E-04
     6553.9      0.5238E-04
     6563.3      0.2619E-04
     6572.6      0.6548E-05
     6582.0      0.0000E+00
