# from Michele Cirasuolo 27/10/2011
#           195 R Subaru SuprimeCam
     5740.0      0.0000E+00
     5750.0      0.0000E+00
     5760.0      0.1157E-03
     5770.0      0.2897E-03
     5780.0      0.6963E-03
     5790.0      0.1627E-02
     5800.0      0.3376E-02
     5810.0      0.6354E-02
     5820.0      0.1138E-01
     5830.0      0.1877E-01
     5840.0      0.2905E-01
     5850.0      0.4293E-01
     5860.0      0.6021E-01
     5870.0      0.8036E-01
     5880.0      0.1038E+00
     5890.0      0.1299E+00
     5900.0      0.1578E+00
     5910.0      0.1870E+00
     5920.0      0.2167E+00
     5930.0      0.2460E+00
     5940.0      0.2742E+00
     5950.0      0.3012E+00
     5960.0      0.3264E+00
     5970.0      0.3484E+00
     5980.0      0.3684E+00
     5990.0      0.3876E+00
     6000.0      0.4052E+00
     6010.0      0.4208E+00
     6020.0      0.4349E+00
     6030.0      0.4480E+00
     6040.0      0.4599E+00
     6050.0      0.4705E+00
     6060.0      0.4797E+00
     6070.0      0.4878E+00
     6080.0      0.4964E+00
     6090.0      0.5043E+00
     6100.0      0.5111E+00
     6110.0      0.5179E+00
     6120.0      0.5247E+00
     6130.0      0.5318E+00
     6140.0      0.5383E+00
     6150.0      0.5453E+00
     6160.0      0.5521E+00
     6170.0      0.5576E+00
     6180.0      0.5622E+00
     6190.0      0.5668E+00
     6200.0      0.5699E+00
     6210.0      0.5725E+00
     6220.0      0.5749E+00
     6230.0      0.5763E+00
     6240.0      0.5798E+00
     6250.0      0.5825E+00
     6260.0      0.5838E+00
     6270.0      0.5854E+00
     6280.0      0.5860E+00
     6290.0      0.5870E+00
     6300.0      0.5879E+00
     6310.0      0.5893E+00
     6320.0      0.5908E+00
     6330.0      0.5915E+00
     6340.0      0.5936E+00
     6350.0      0.5983E+00
     6360.0      0.6012E+00
     6370.0      0.6030E+00
     6380.0      0.6053E+00
     6390.0      0.6066E+00
     6400.0      0.6077E+00
     6410.0      0.6075E+00
     6420.0      0.6071E+00
     6430.0      0.6079E+00
     6440.0      0.6106E+00
     6450.0      0.6129E+00
     6460.0      0.6139E+00
     6470.0      0.6161E+00
     6480.0      0.6181E+00
     6490.0      0.6198E+00
     6500.0      0.6215E+00
     6510.0      0.6201E+00
     6520.0      0.6193E+00
     6530.0      0.6193E+00
     6540.0      0.6182E+00
     6550.0      0.6170E+00
     6560.0      0.6148E+00
     6570.0      0.6118E+00
     6580.0      0.6107E+00
     6590.0      0.6091E+00
     6600.0      0.6067E+00
     6610.0      0.6056E+00
     6620.0      0.6029E+00
     6630.0      0.5998E+00
     6640.0      0.5973E+00
     6650.0      0.5957E+00
     6660.0      0.5948E+00
     6670.0      0.5951E+00
     6680.0      0.5952E+00
     6690.0      0.5973E+00
     6700.0      0.6009E+00
     6710.0      0.6044E+00
     6720.0      0.6080E+00
     6730.0      0.6112E+00
     6740.0      0.6136E+00
     6750.0      0.6134E+00
     6764.5      0.6074E+00
     6774.7      0.6040E+00
     6784.8      0.6001E+00
     6795.0      0.5961E+00
     6805.2      0.5926E+00
     6815.3      0.5900E+00
     6825.5      0.5848E+00
     6835.7      0.5775E+00
     6845.8      0.5711E+00
     6856.0      0.5655E+00
     6866.2      0.5609E+00
     6876.3      0.5570E+00
     6886.5      0.5598E+00
     6896.7      0.5664E+00
     6906.8      0.5729E+00
     6917.0      0.5785E+00
     6927.2      0.5826E+00
     6937.3      0.5845E+00
     6947.5      0.5840E+00
     6957.7      0.5809E+00
     6967.9      0.5744E+00
     6978.0      0.5646E+00
     6988.2      0.5495E+00
     6998.4      0.5313E+00
     7008.5      0.5106E+00
     7018.7      0.4885E+00
     7028.9      0.4651E+00
     7039.0      0.4403E+00
     7049.2      0.4144E+00
     7059.4      0.3874E+00
     7069.5      0.3593E+00
     7079.7      0.3309E+00
     7089.9      0.3022E+00
     7100.0      0.2731E+00
     7110.2      0.2438E+00
     7120.4      0.2152E+00
     7130.6      0.1882E+00
     7140.7      0.1628E+00
     7150.9      0.1372E+00
     7161.1      0.1145E+00
     7171.2      0.9492E-01
     7181.4      0.7863E-01
     7191.6      0.6658E-01
     7201.7      0.5636E-01
     7211.9      0.4762E-01
     7222.1      0.4028E-01
     7232.2      0.3405E-01
     7242.4      0.2890E-01
     7252.6      0.2467E-01
     7262.7      0.2117E-01
     7272.9      0.1824E-01
     7283.1      0.1583E-01
     7293.3      0.1384E-01
     7303.4      0.1221E-01
     7313.6      0.1089E-01
     7323.8      0.9784E-02
     7333.9      0.8779E-02
     7344.1      0.7896E-02
     7354.3      0.7117E-02
     7364.4      0.6441E-02
     7374.6      0.5883E-02
     7384.8      0.5377E-02
     7394.9      0.4903E-02
     7405.1      0.4463E-02
     7415.3      0.4101E-02
     7425.4      0.3786E-02
     7435.6      0.3516E-02
     7445.8      0.3260E-02
     7456.0      0.2958E-02
     7466.1      0.2675E-02
     7476.3      0.2406E-02
     7486.5      0.2208E-02
     7496.6      0.2070E-02
     7506.8      0.1919E-02
     7517.0      0.1748E-02
     7527.1      0.1551E-02
     7537.3      0.1387E-02
     7547.5      0.1255E-02
     7557.6      0.1144E-02
     7567.8      0.9924E-03
     7578.0      0.7873E-03
     7588.1      0.6439E-03
     7598.3      0.4456E-03
     7608.5      0.3338E-03
     7618.7      0.3547E-03
     7628.8      0.2810E-03
     7639.0      0.2318E-03
     7649.2      0.2272E-03
     7659.3      0.2359E-03
     7669.5      0.1989E-03
     7679.7      0.1246E-03
     7689.8      0.4606E-04
     7700.0      0.0000E+00

