# from Michele Cirasuolo 27/10/2011
#    195 B Subaru SuprimeCam
    3560.0      0.0000E+00
    3570.0      0.0000E+00
    3580.0      0.0000E+00
    3590.0      0.0000E+00
    3600.0      0.1049E-03
    3610.0      0.2131E-03
    3620.0      0.4118E-03
    3630.0      0.7579E-03
    3640.0      0.1270E-02
    3650.0      0.2004E-02
    3660.0      0.2971E-02
    3670.0      0.4217E-02
    3680.0      0.5687E-02
    3690.0      0.7433E-02
    3700.0      0.9513E-02
    3710.0      0.1204E-01
    3720.0      0.1514E-01
    3730.0      0.1902E-01
    3740.0      0.2385E-01
    3750.0      0.2915E-01
    3760.0      0.3486E-01
    3770.0      0.4093E-01
    3780.0      0.4687E-01
    3790.0      0.5279E-01
    3800.0      0.5872E-01
    3810.0      0.6398E-01
    3820.0      0.6925E-01
    3830.0      0.7520E-01
    3840.0      0.8139E-01
    3850.0      0.8860E-01
    3860.0      0.9672E-01
    3870.0      0.1049E+00
    3880.0      0.1140E+00
    3890.0      0.1228E+00
    3900.0      0.1310E+00
    3910.0      0.1389E+00
    3920.0      0.1471E+00
    3930.0      0.1552E+00
    3940.0      0.1633E+00
    3950.0      0.1708E+00
    3960.0      0.1783E+00
    3970.0      0.1864E+00
    3980.0      0.1938E+00
    3990.0      0.2015E+00
    4000.0      0.2077E+00
    4010.0      0.2116E+00
    4020.0      0.2162E+00
    4030.0      0.2212E+00
    4040.0      0.2255E+00
    4050.0      0.2284E+00
    4060.0      0.2318E+00
    4070.0      0.2356E+00
    4080.0      0.2400E+00
    4090.0      0.2443E+00
    4100.0      0.2489E+00
    4110.0      0.2541E+00
    4120.0      0.2591E+00
    4130.0      0.2636E+00
    4140.0      0.2697E+00
    4150.0      0.2754E+00
    4160.0      0.2802E+00
    4170.0      0.2842E+00
    4180.0      0.2883E+00
    4190.0      0.2936E+00
    4200.0      0.2985E+00
    4210.0      0.3021E+00
    4220.0      0.3036E+00
    4230.0      0.3049E+00
    4240.0      0.3054E+00
    4250.0      0.3065E+00
    4260.0      0.3093E+00
    4270.0      0.3122E+00
    4280.0      0.3147E+00
    4290.0      0.3174E+00
    4300.0      0.3213E+00
    4310.0      0.3255E+00
    4320.0      0.3298E+00
    4330.0      0.3346E+00
    4340.0      0.3375E+00
    4350.0      0.3404E+00
    4360.0      0.3457E+00
    4370.0      0.3503E+00
    4380.0      0.3547E+00
    4390.0      0.3582E+00
    4400.0      0.3618E+00
    4410.0      0.3662E+00
    4420.0      0.3687E+00
    4430.0      0.3702E+00
    4440.0      0.3717E+00
    4450.0      0.3728E+00
    4460.0      0.3737E+00
    4470.0      0.3753E+00
    4480.0      0.3783E+00
    4490.0      0.3816E+00
    4500.0      0.3851E+00
    4510.0      0.3872E+00
    4520.0      0.3895E+00
    4530.0      0.3920E+00
    4540.0      0.3948E+00
    4550.0      0.3978E+00
    4560.0      0.4014E+00
    4570.0      0.4032E+00
    4580.0      0.4048E+00
    4590.0      0.4070E+00
    4600.0      0.4077E+00
    4610.0      0.4082E+00
    4620.0      0.4069E+00
    4630.0      0.4047E+00
    4640.0      0.4026E+00
    4650.0      0.4005E+00
    4660.0      0.3989E+00
    4670.0      0.3982E+00
    4680.0      0.3987E+00
    4690.0      0.4002E+00
    4700.0      0.4031E+00
    4710.0      0.4059E+00
    4720.0      0.4085E+00
    4730.0      0.4118E+00
    4740.0      0.4155E+00
    4750.0      0.4190E+00
    4758.4      0.4268E+00
    4768.3      0.4295E+00
    4778.2      0.4313E+00
    4788.1      0.4321E+00
    4798.0      0.4317E+00
    4807.9      0.4306E+00
    4817.7      0.4289E+00
    4827.6      0.4261E+00
    4837.5      0.4212E+00
    4847.4      0.4125E+00
    4857.3      0.3980E+00
    4867.2      0.3769E+00
    4877.1      0.3490E+00
    4887.0      0.3150E+00
    4896.8      0.2768E+00
    4906.7      0.2370E+00
    4916.6      0.1979E+00
    4926.5      0.1613E+00
    4936.4      0.1288E+00
    4946.3      0.1011E+00
    4956.2      0.7823E-01
    4966.0      0.5983E-01
    4975.9      0.4538E-01
    4985.8      0.3427E-01
    4995.7      0.2588E-01
    5005.6      0.1959E-01
    5015.5      0.1493E-01
    5025.4      0.1150E-01
    5035.2      0.8967E-02
    5045.1      0.7093E-02
    5055.0      0.5716E-02
    5064.9      0.4695E-02
    5074.8      0.3937E-02
    5084.7      0.3375E-02
    5094.6      0.2935E-02
    5104.4      0.2578E-02
    5114.3      0.2297E-02
    5124.2      0.2062E-02
    5134.1      0.1847E-02
    5144.0      0.1662E-02
    5153.9      0.1503E-02
    5163.8      0.1354E-02
    5173.6      0.1199E-02
    5183.5      0.1055E-02
    5193.4      0.9201E-03
    5203.3      0.8012E-03
    5213.2      0.6981E-03
    5223.1      0.6051E-03
    5233.0      0.5222E-03
    5242.8      0.4547E-03
    5252.7      0.3922E-03
    5262.6      0.3294E-03
    5272.5      0.2769E-03
    5282.4      0.2295E-03
    5292.3      0.1926E-03
    5302.2      0.1609E-03
    5312.1      0.1397E-03
    5321.9      0.1184E-03
    5331.8      0.9705E-04
    5341.7      0.8642E-04
    5351.6      0.8658E-04
    5361.5      0.8674E-04
    5371.4      0.7604E-04
    5381.3      0.7073E-04
    5391.1      0.7086E-04
    5401.0      0.7099E-04
    5410.9      0.7110E-04
    5420.8      0.7670E-04
    5430.7      0.7134E-04
    5440.6      0.6046E-04
    5450.5      0.4955E-04
    5460.3      0.3860E-04
    5470.2      0.1657E-04
    5480.1      0.5532E-05
    5490.0      0.0000E+00
