# from Michele Cirasuolo 27/10/2011
#           200 i' Subaru SuprimeCam
     6712.4      0.1784E-03
     6724.8      0.5170E-03
     6737.2      0.1194E-02
     6749.7      0.2386E-02
     6762.1      0.4653E-02
     6774.5      0.8381E-02
     6786.9      0.1422E-01
     6799.3      0.2267E-01
     6811.7      0.3486E-01
     6824.1      0.5059E-01
     6836.6      0.6991E-01
     6849.0      0.9263E-01
     6861.4      0.1185E+00
     6873.8      0.1466E+00
     6886.2      0.1783E+00
     6898.6      0.2132E+00
     6911.1      0.2497E+00
     6923.5      0.2866E+00
     6935.9      0.3229E+00
     6948.3      0.3575E+00
     6960.7      0.3912E+00
     6973.1      0.4235E+00
     6985.5      0.4518E+00
     6998.0      0.4757E+00
     7010.4      0.4969E+00
     7022.8      0.5149E+00
     7035.2      0.5299E+00
     7047.6      0.5434E+00
     7060.0      0.5559E+00
     7072.5      0.5649E+00
     7084.9      0.5726E+00
     7097.3      0.5788E+00
     7109.7      0.5832E+00
     7122.1      0.5891E+00
     7134.5      0.5938E+00
     7146.9      0.5908E+00
     7159.4      0.5826E+00
     7171.8      0.5734E+00
     7184.2      0.5699E+00
     7196.6      0.5789E+00
     7209.0      0.5881E+00
     7221.4      0.5975E+00
     7233.8      0.6031E+00
     7246.3      0.6057E+00
     7258.7      0.6091E+00
     7271.1      0.6128E+00
     7283.5      0.6148E+00
     7295.9      0.6172E+00
     7308.3      0.6223E+00
     7320.8      0.6311E+00
     7333.2      0.6376E+00
     7345.6      0.6416E+00
     7358.0      0.6427E+00
     7370.4      0.6404E+00
     7382.8      0.6373E+00
     7395.2      0.6372E+00
     7407.7      0.6372E+00
     7420.1      0.6379E+00
     7432.5      0.6358E+00
     7444.9      0.6353E+00
     7457.3      0.6351E+00
     7469.7      0.6354E+00
     7482.1      0.6373E+00
     7494.6      0.6387E+00
     7507.0      0.6401E+00
     7519.4      0.6427E+00
     7531.8      0.6429E+00
     7544.2      0.6437E+00
     7556.6      0.6446E+00
     7569.0      0.6462E+00
     7581.5      0.6260E+00
     7593.9      0.5226E+00
     7606.3      0.3847E+00
     7618.7      0.4540E+00
     7631.1      0.4371E+00
     7643.5      0.4650E+00
     7656.0      0.5301E+00
     7668.4      0.5831E+00
     7680.8      0.6370E+00
     7693.2      0.6390E+00
     7705.6      0.6404E+00
     7718.0      0.6348E+00
     7730.4      0.6353E+00
     7742.9      0.6367E+00
     7755.3      0.6376E+00
     7767.7      0.6417E+00
     7780.1      0.6426E+00
     7792.5      0.6403E+00
     7804.9      0.6410E+00
     7817.4      0.6420E+00
     7829.8      0.6463E+00
     7842.2      0.6489E+00
     7854.6      0.6524E+00
     7867.0      0.6543E+00
     7879.4      0.6526E+00
     7891.8      0.6511E+00
     7904.3      0.6499E+00
     7916.7      0.6484E+00
     7929.1      0.6468E+00
     7941.5      0.6454E+00
     7953.9      0.6442E+00
     7966.3      0.6431E+00
     7978.7      0.6419E+00
     7991.2      0.6408E+00
     8003.6      0.6391E+00
     8016.0      0.6355E+00
     8028.4      0.6317E+00
     8040.8      0.6278E+00
     8053.2      0.6241E+00
     8065.6      0.6206E+00
     8078.1      0.6169E+00
     8090.5      0.6135E+00
     8102.9      0.6093E+00
     8115.3      0.5991E+00
     8127.7      0.5887E+00
     8140.1      0.5794E+00
     8152.6      0.5757E+00
     8165.0      0.5725E+00
     8177.4      0.5690E+00
     8189.8      0.5646E+00
     8202.2      0.5598E+00
     8214.6      0.5552E+00
     8227.0      0.5504E+00
     8239.5      0.5452E+00
     8251.9      0.5399E+00
     8264.3      0.5347E+00
     8276.7      0.5294E+00
     8289.1      0.5236E+00
     8301.5      0.5190E+00
     8314.0      0.5164E+00
     8326.4      0.5137E+00
     8338.8      0.5094E+00
     8351.2      0.5013E+00
     8363.6      0.4872E+00
     8376.0      0.4688E+00
     8388.4      0.4463E+00
     8400.9      0.4194E+00
     8413.3      0.3883E+00
     8425.7      0.3532E+00
     8438.1      0.3157E+00
     8450.5      0.2765E+00
     8462.9      0.2369E+00
     8475.3      0.1990E+00
     8487.8      0.1635E+00
     8500.2      0.1320E+00
     8512.6      0.1043E+00
     8525.0      0.8124E-01
     8537.4      0.6227E-01
     8549.8      0.4726E-01
     8562.2      0.3553E-01
     8574.7      0.2659E-01
     8587.1      0.1997E-01
     8599.5      0.1510E-01
     8611.9      0.1155E-01
     8624.3      0.8984E-02
     8636.7      0.7168E-02
     8649.2      0.5899E-02
     8661.6      0.5007E-02
     8674.0      0.4349E-02
     8686.4      0.3842E-02
     8698.8      0.3463E-02
     8711.2      0.3171E-02
     8723.6      0.2923E-02
     8736.1      0.2724E-02
     8748.5      0.2590E-02
     8760.9      0.2500E-02
     8773.3      0.2439E-02
     8785.7      0.2380E-02
     8798.1      0.2337E-02
     8810.5      0.2307E-02
     8823.0      0.2258E-02
     8835.4      0.2179E-02
     8847.8      0.2073E-02
     8860.2      0.1998E-02
     8872.6      0.1961E-02
     8885.0      0.1945E-02
     8897.5      0.1911E-02
     8909.9      0.1848E-02
     8922.3      0.1788E-02
     8934.7      0.1733E-02
     8947.1      0.1670E-02
     8959.5      0.1590E-02
     8971.9      0.1489E-02
     8984.4      0.1383E-02
     8996.8      0.1311E-02
     9009.2      0.1274E-02
     9021.6      0.1242E-02
     9034.0      0.1207E-02
     9046.4      0.1177E-02
     9058.8      0.1149E-02
     9071.3      0.1089E-02
     9083.7      0.9694E-03
     9096.1      0.8184E-03
     9108.5      0.6613E-03
     9120.9      0.5084E-03
     9133.3      0.3704E-03
     9145.8      0.2455E-03
     9158.2      0.1346E-03
     9170.6      0.3476E-04
     9183.0      0.3612E-04

