# from Michele Cirasuolo 27/10/2011
#       100    H  WFCAM
      14260.3      0.1000E-02
      14310.6      0.1000E-02
      14360.9      0.1000E-02
      14411.2      0.2000E-02
      14461.5      0.2150E-02
      14511.8      0.3360E-02
      14562.1      0.7000E-02
      14612.4      0.1124E-01
      14662.7      0.1373E-01
      14713.0      0.1960E-01
      14763.3      0.3299E-01
      14813.6      0.6112E-01
      14863.9      0.9078E-01
      14914.2      0.1313E+00
      14964.5      0.1669E+00
      15014.8      0.1960E+00
      15065.1      0.2175E+00
      15115.4      0.2286E+00
      15165.7      0.2350E+00
      15216.0      0.2384E+00
      15266.3      0.2400E+00
      15316.6      0.2420E+00
      15366.9      0.2427E+00
      15417.2      0.2450E+00
      15467.5      0.2480E+00
      15517.8      0.2500E+00
      15568.1      0.2520E+00
      15618.4      0.2540E+00
      15668.7      0.2559E+00
      15719.0      0.2413E+00
      15769.3      0.2464E+00
      15819.6      0.2529E+00
      15869.9      0.2590E+00
      15920.2      0.2600E+00
      15970.5      0.2600E+00
      16020.8      0.2459E+00
      16071.1      0.2520E+00
      16121.4      0.2553E+00
      16171.7      0.2632E+00
      16222.0      0.2650E+00
      16272.3      0.2658E+00
      16322.6      0.2652E+00
      16372.9      0.2644E+00
      16423.2      0.2568E+00
      16473.5      0.2573E+00
      16523.8      0.2560E+00
      16574.1      0.2530E+00
      16624.4      0.2500E+00
      16674.7      0.2454E+00
      16725.0      0.2470E+00
      16775.3      0.2470E+00
      16825.6      0.2480E+00
      16875.9      0.2486E+00
      16926.2      0.2496E+00
      16976.5      0.2506E+00
      17026.8      0.2503E+00
      17077.1      0.2473E+00
      17127.4      0.2480E+00
      17177.7      0.2450E+00
      17228.0      0.2412E+00
      17278.3      0.2378E+00
      17328.6      0.2343E+00
      17378.9      0.2337E+00
      17429.2      0.2329E+00
      17479.5      0.2299E+00
      17529.8      0.2280E+00
      17580.1      0.2230E+00
      17630.4      0.2005E+00
      17680.7      0.1998E+00
      17731.0      0.1816E+00
      17781.3      0.1594E+00
      17831.6      0.1432E+00
      17881.9      0.1229E+00
      17932.2      0.9528E-01
      17982.5      0.7325E-01
      18032.8      0.5748E-01
      18083.1      0.4642E-01
      18133.4      0.2118E-01
      18183.7      0.2841E-01
      18234.0      0.1940E-01
      18284.3      0.7269E-02
      18334.6      0.7380E-02
      18384.9      0.3430E-02
      18435.2      0.3960E-02
      18485.5      0.5500E-03
      18535.8      0.0000E+00
      18586.1      0.2390E-02
      18636.4      0.1360E-02
      18686.7      0.6699E-03
      18737.0      0.0000E+00
      18787.3      0.1730E-02
      18837.6      0.2400E-03
      18887.9      0.1000E-02
      18938.2      0.0000E+00
      18988.5      0.0000E+00
      19038.8      0.8801E-03
      19089.1      0.9004E-04
      19139.4      0.0000E+00
      19189.7      0.1000E-02
      19240.0      0.1000E-02       
