# from Michele Cirasuolo 27/10/2011
#      150     K WFCAM
    19206.6      0.0000E+00
    19243.2      0.3199E-03
    19279.8      0.9801E-03
    19316.4      0.6400E-03
    19353.0      0.2000E-02
    19389.6      0.1000E-02
    19426.2      0.2000E-02
    19462.8      0.2000E-02
    19499.4      0.3000E-02
    19536.0      0.3000E-02
    19572.6      0.3000E-02
    19609.2      0.3080E-02
    19645.8      0.4160E-02
    19682.4      0.4720E-02
    19719.0      0.6900E-02
    19755.6      0.8440E-02
    19792.2      0.1034E-01
    19828.8      0.1200E-01
    19865.4      0.1238E-01
    19902.0      0.1540E-01
    19938.6      0.1900E-01
    19975.2      0.1896E-01
    20011.8      0.1364E-01
    20048.4      0.1168E-01
    20085.0      0.2750E-01
    20121.6      0.2720E-01
    20158.2      0.3540E-01
    20194.8      0.5104E-01
    20231.4      0.6798E-01
    20268.0      0.1084E+00
    20304.6      0.1294E+00
    20341.2      0.1455E+00
    20377.8      0.1601E+00
    20414.4      0.1663E+00
    20451.0      0.1803E+00
    20487.6      0.1712E+00
    20524.2      0.1464E+00
    20560.8      0.1500E+00
    20597.4      0.1741E+00
    20634.0      0.1456E+00
    20670.6      0.1832E+00
    20707.2      0.1688E+00
    20743.8      0.1884E+00
    20780.4      0.2081E+00
    20817.0      0.2103E+00
    20853.6      0.2104E+00
    20890.2      0.2169E+00
    20926.8      0.2197E+00
    20963.4      0.2203E+00
    21000.0      0.2190E+00
    21036.6      0.2227E+00
    21073.2      0.2230E+00
    21109.8      0.2220E+00
    21146.4      0.2236E+00
    21183.0      0.2240E+00
    21219.6      0.2250E+00
    21256.2      0.2256E+00
    21292.8      0.2260E+00
    21329.4      0.2270E+00
    21366.0      0.2266E+00
    21402.6      0.2280E+00
    21439.2      0.2279E+00
    21475.8      0.2280E+00
    21512.4      0.2278E+00
    21549.0      0.2271E+00
    21585.6      0.2273E+00
    21622.2      0.2290E+00
    21658.8      0.2290E+00
    21695.4      0.2285E+00
    21732.0      0.2264E+00
    21768.6      0.2289E+00
    21805.2      0.2280E+00
    21841.8      0.2211E+00
    21878.4      0.2260E+00
    21915.0      0.2280E+00
    21951.6      0.2213E+00
    21988.2      0.2244E+00
    22024.8      0.2220E+00
    22061.4      0.2263E+00
    22098.0      0.2288E+00
    22134.6      0.2290E+00
    22171.2      0.2290E+00
    22207.8      0.2300E+00
    22244.4      0.2304E+00
    22281.0      0.2311E+00
    22317.6      0.2312E+00
    22354.2      0.2322E+00
    22390.8      0.2359E+00
    22427.4      0.2348E+00
    22464.0      0.2272E+00
    22500.6      0.2359E+00
    22537.2      0.2264E+00
    22573.8      0.2266E+00
    22610.4      0.2153E+00
    22647.0      0.2271E+00
    22683.6      0.2255E+00
    22720.2      0.2301E+00
    22756.8      0.2131E+00
    22793.4      0.2300E+00
    22830.0      0.2270E+00
    22866.6      0.2224E+00
    22903.2      0.1940E+00
    22939.8      0.2053E+00
    22976.4      0.2105E+00
    23013.0      0.2021E+00
    23049.6      0.2018E+00
    23086.2      0.2048E+00
    23122.8      0.2074E+00
    23159.4      0.1941E+00
    23196.0      0.2000E+00
    23232.6      0.2060E+00
    23269.2      0.2150E+00
    23305.8      0.2134E+00
    23342.4      0.2070E+00
    23379.0      0.2166E+00
    23415.6      0.2115E+00
    23452.2      0.2128E+00
    23488.8      0.2191E+00
    23525.4      0.2164E+00
    23562.0      0.1754E+00
    23598.6      0.2088E+00
    23635.2      0.1930E+00
    23671.8      0.1847E+00
    23708.4      0.1302E+00
    23745.0      0.1505E+00
    23781.6      0.1273E+00
    23818.2      0.1225E+00
    23854.8      0.9700E-01
    23891.4      0.9232E-01
    23928.0      0.7880E-01
    23964.6      0.6486E-01
    24001.2      0.5776E-01
    24037.8      0.4454E-01
    24074.4      0.3464E-01
    24111.0      0.3460E-01
    24147.6      0.2800E-01
    24184.2      0.2022E-01
    24220.8      0.1800E-01
    24257.4      0.1526E-01
    24294.0      0.1260E-01
    24330.6      0.1000E-01
    24367.2      0.7440E-02
    24403.8      0.7000E-02
    24440.4      0.5000E-02
    24477.0      0.3300E-02
    24513.6      0.3000E-02
    24550.2      0.3000E-02
    24586.8      0.2000E-02
    24623.4      0.1660E-02
    24660.0      0.2000E-02
 
