# from Michele Cirasuolo 27/10/2011
#	100     J WFCAM
     11324.9      0.1000E-02
     11349.8      0.2002E-04
     11374.7      0.1000E-02
     11399.6      0.1000E-02
     11424.5      0.2000E-02
     11449.4      0.2000E-02
     11474.3      0.3430E-02
     11499.2      0.4920E-02
     11524.1      0.7230E-02
     11549.0      0.1170E-01
     11573.9      0.1778E-01
     11598.8      0.2716E-01
     11623.7      0.4196E-01
     11648.6      0.6088E-01
     11673.5      0.8655E-01
     11698.4      0.1152E+00
     11723.3      0.1393E+00
     11748.2      0.1565E+00
     11773.1      0.1670E+00
     11798.0      0.1720E+00
     11822.9      0.1651E+00
     11847.8      0.1703E+00
     11872.7      0.1742E+00
     11897.6      0.1775E+00
     11922.5      0.1772E+00
     11947.4      0.1775E+00
     11972.3      0.1780E+00
     11997.2      0.1752E+00
     12022.1      0.1746E+00
     12047.0      0.1701E+00
     12071.9      0.1770E+00
     12096.8      0.1787E+00
     12121.7      0.1843E+00
     12146.6      0.1867E+00
     12171.5      0.1911E+00
     12196.4      0.1929E+00
     12221.3      0.1950E+00
     12246.2      0.1950E+00
     12271.1      0.1931E+00
     12296.0      0.1930E+00
     12320.9      0.1919E+00
     12345.8      0.1910E+00
     12370.7      0.1910E+00
     12395.6      0.1920E+00
     12420.5      0.1940E+00
     12445.4      0.1975E+00
     12470.3      0.2000E+00
     12495.2      0.2025E+00
     12520.1      0.2040E+00
     12545.0      0.2040E+00
     12569.9      0.2050E+00
     12594.8      0.1989E+00
     12619.7      0.1960E+00
     12644.6      0.1885E+00
     12669.5      0.1912E+00
     12694.4      0.1678E+00
     12719.3      0.1941E+00
     12744.2      0.1968E+00
     12769.1      0.2046E+00
     12794.0      0.2104E+00
     12818.9      0.2119E+00
     12843.8      0.2134E+00
     12868.7      0.2131E+00
     12893.6      0.2114E+00
     12918.5      0.2093E+00
     12943.4      0.2077E+00
     12968.3      0.2052E+00
     12993.2      0.2037E+00
     13018.1      0.2026E+00
     13043.0      0.2012E+00
     13067.9      0.2024E+00
     13092.8      0.2046E+00
     13117.7      0.2060E+00
     13142.6      0.2017E+00
     13167.5      0.1900E+00
     13192.4      0.1842E+00
     13217.3      0.1712E+00
     13242.2      0.1436E+00
     13267.1      0.1189E+00
     13292.0      0.9180E-01
     13316.9      0.6910E-01
     13341.8      0.5146E-01
     13366.7      0.3834E-01
     13391.6      0.3136E-01
     13416.5      0.2505E-01
     13441.4      0.1428E-01
     13466.3      0.1337E-01
     13491.2      0.7880E-02
     13516.1      0.6390E-02
     13541.0      0.4600E-02
     13565.9      0.2000E-02
     13590.8      0.2000E-02
     13615.7      0.0000E+00
     13640.6      0.9401E-03
     13665.5      0.1450E-02
     13690.4      0.9601E-03
     13715.3      0.0000E+00
     13740.2      0.9801E-03
     13765.1      0.0000E+00
     13790.0      0.1000E-02
