# From Michele Cirasuolo 12/07/2011
# HST WFC3 F098M
    8902.0      0.6588E-02
    8921.6      0.1316E-01
    8941.3      0.2709E-01
    8960.9      0.5571E-01
    8980.5      0.1071E+00
    9000.1      0.1825E+00
    9019.7      0.2662E+00
    9039.3      0.3304E+00
    9058.9      0.3634E+00
    9078.5      0.3725E+00
    9098.1      0.3731E+00
    9117.7      0.3722E+00
    9137.3      0.3708E+00
    9156.9      0.3701E+00
    9176.5      0.3704E+00
    9196.1      0.3718E+00
    9215.7      0.3752E+00
    9235.3      0.3796E+00
    9254.9      0.3828E+00
    9274.5      0.3852E+00
    9294.1      0.3868E+00
    9313.8      0.3877E+00
    9333.4      0.3891E+00
    9353.0      0.3906E+00
    9372.6      0.3927E+00
    9392.2      0.3936E+00
    9411.8      0.3929E+00
    9431.4      0.3901E+00
    9451.0      0.3876E+00
    9470.6      0.3878E+00
    9490.2      0.3916E+00
    9509.8      0.3959E+00
    9529.4      0.3977E+00
    9549.0      0.3964E+00
    9568.6      0.3946E+00
    9588.2      0.3947E+00
    9607.8      0.3961E+00
    9627.4      0.3973E+00
    9647.0      0.3974E+00
    9666.7      0.3978E+00
    9686.3      0.3995E+00
    9705.9      0.4021E+00
    9725.5      0.4042E+00
    9745.1      0.4049E+00
    9764.7      0.4054E+00
    9784.3      0.4074E+00
    9803.9      0.4118E+00
    9823.5      0.4170E+00
    9843.1      0.4200E+00
    9862.7      0.4209E+00
    9882.3      0.4203E+00
    9901.9      0.4194E+00
    9921.5      0.4182E+00
    9941.1      0.4163E+00
    9960.7      0.4130E+00
    9980.3      0.4102E+00
    9999.9      0.4095E+00
   10019.5      0.4106E+00
   10039.2      0.4116E+00
   10058.8      0.4092E+00
   10078.4      0.4035E+00
   10098.0      0.3979E+00
   10117.6      0.3953E+00
   10137.2      0.3975E+00
   10156.8      0.4021E+00
   10176.4      0.4051E+00
   10196.0      0.4035E+00
   10215.6      0.3980E+00
   10235.2      0.3946E+00
   10254.8      0.3969E+00
   10274.4      0.4061E+00
   10294.0      0.4180E+00
   10313.6      0.4276E+00
   10333.2      0.4315E+00
   10352.8      0.4314E+00
   10372.4      0.4303E+00
   10392.0      0.4314E+00
   10411.7      0.4334E+00
   10431.3      0.4341E+00
   10450.9      0.4323E+00
   10470.5      0.4273E+00
   10490.1      0.4209E+00
   10509.7      0.4134E+00
   10529.3      0.4078E+00
   10548.9      0.4076E+00
   10568.5      0.4118E+00
   10588.1      0.4178E+00
   10607.7      0.4218E+00
   10627.3      0.4180E+00
   10646.9      0.4004E+00
   10666.5      0.3565E+00
   10686.1      0.2834E+00
   10705.7      0.2002E+00
   10725.3      0.1303E+00
   10744.9      0.8046E-01
   10764.5      0.4653E-01
   10784.2      0.2529E-01
   10803.8      0.1353E-01
   10823.4      0.7563E-02
   10843.0      0.5851E-02  
       
