# From Michele Cirasuolo 12/07/2011       
# HST WFPC3 F105W
      8952.0      0.6183E-02
      8984.0      0.1872E-01
      9016.0      0.5884E-01
      9048.0      0.1547E+00
      9080.0      0.2016E+00
      9112.0      0.3477E+00
      9144.0      0.3734E+00
      9176.0      0.3770E+00
      9208.0      0.3705E+00
      9240.0      0.3679E+00
      9272.0      0.3760E+00
      9304.0      0.3823E+00
      9336.0      0.3806E+00
      9368.0      0.3801E+00
      9400.0      0.3818E+00
      9432.0      0.3961E+00
      9464.0      0.3963E+00
      9496.0      0.3912E+00
      9528.0      0.3922E+00
      9560.0      0.3942E+00
      9592.0      0.3997E+00
      9624.0      0.3954E+00
      9656.0      0.3933E+00
      9688.0      0.3999E+00
      9720.0      0.4038E+00
      9752.0      0.4124E+00
      9784.0      0.4133E+00
      9816.0      0.4177E+00
      9848.0      0.4263E+00
      9880.0      0.4293E+00
      9912.0      0.4250E+00
      9944.0      0.4172E+00
      9976.0      0.4147E+00
     10008.0      0.4175E+00
     10040.0      0.4193E+00
     10072.0      0.4149E+00
     10104.0      0.4087E+00
     10136.0      0.4062E+00
     10168.0      0.4103E+00
     10200.0      0.4124E+00
     10232.0      0.4167E+00
     10264.0      0.4177E+00
     10296.0      0.4229E+00
     10328.0      0.4335E+00
     10360.0      0.4380E+00
     10392.0      0.4468E+00
     10424.0      0.4434E+00
     10456.0      0.4397E+00
     10488.0      0.4404E+00
     10520.0      0.4416E+00
     10552.0      0.4444E+00
     10584.0      0.4419E+00
     10616.0      0.4386E+00
     10648.0      0.4370E+00
     10680.0      0.4370E+00
     10712.0      0.4381E+00
     10744.0      0.4365E+00
     10776.0      0.4354E+00
     10808.0      0.4361E+00
     10840.0      0.4372E+00
     10872.0      0.4454E+00
     10904.0      0.4483E+00
     10936.0      0.4482E+00
     10968.0      0.4469E+00
     11000.0      0.4461E+00
     11032.0      0.4447E+00
     11064.0      0.4419E+00
     11096.0      0.4369E+00
     11128.0      0.4316E+00
     11160.0      0.4297E+00
     11192.0      0.4256E+00
     11224.0      0.4264E+00
     11256.0      0.4295E+00
     11288.0      0.4328E+00
     11320.0      0.4344E+00
     11352.0      0.4378E+00
     11384.0      0.4398E+00
     11416.0      0.4412E+00
     11448.0      0.4432E+00
     11480.0      0.4441E+00
     11512.0      0.4448E+00
     11544.0      0.4406E+00
     11576.0      0.4347E+00
     11608.0      0.4307E+00
     11640.0      0.4300E+00
     11672.0      0.4345E+00
     11704.0      0.4394E+00
     11736.0      0.4433E+00
     11768.0      0.4459E+00
     11800.0      0.4464E+00
     11832.0      0.4326E+00
     11864.0      0.4172E+00
     11896.0      0.4177E+00
     11928.0      0.4355E+00
     11960.0      0.4371E+00
     11992.0      0.1867E+00
     12024.0      0.6846E-01
     12056.0      0.2665E-01
     12088.0      0.1136E-01
     12120.0      0.8111E-02       
