# from Michele Cirasuolo 02/02/2011
# HST WFC3 F110W
 8862.8      0.1440E-01
 8915.6      0.5931E-01
 8968.4      0.1576E+00
 9021.2      0.2709E+00
 9074.0      0.3262E+00
 9126.8      0.3276E+00
 9179.6      0.3383E+00
 9232.4      0.3662E+00
 9285.2      0.3720E+00
 9338.0      0.3632E+00
 9390.8      0.3754E+00
 9443.6      0.3927E+00
 9496.4      0.3901E+00
 9549.2      0.3888E+00
 9602.0      0.4032E+00
 9654.8      0.4106E+00
 9707.6      0.4043E+00
 9760.4      0.4056E+00
 9813.2      0.4159E+00
 9866.0      0.4140E+00
 9918.8      0.4047E+00
 9971.6      0.4093E+00
10024.4      0.4218E+00
10077.2      0.4196E+00
10130.0      0.4083E+00
10182.8      0.4078E+00
10235.6      0.4264E+00
10288.4      0.4391E+00
10341.2      0.4344E+00
10394.0      0.4293E+00
10446.8      0.4368E+00
10499.6      0.4474E+00
10552.4      0.4460E+00
10605.2      0.4394E+00
10658.0      0.4398E+00
10710.8      0.4468E+00
10763.6      0.4508E+00
10816.4      0.4479E+00
10869.2      0.4454E+00
10922.0      0.4478E+00
10974.8      0.4504E+00
11027.6      0.4486E+00
11080.4      0.4450E+00
11133.2      0.4455E+00
11186.0      0.4495E+00
11238.8      0.4508E+00
11291.6      0.4465E+00
11344.4      0.4412E+00
11397.2      0.4422E+00
11450.0      0.4473E+00
11502.8      0.4540E+00
11555.6      0.4524E+00
11608.4      0.4475E+00
11661.2      0.4455E+00
11714.0      0.4481E+00
11766.8      0.4515E+00
11819.6      0.4512E+00
11872.4      0.4476E+00
11925.2      0.4452E+00
11978.0      0.4466E+00
12030.8      0.4499E+00
12083.6      0.4508E+00
12136.4      0.4479E+00
12189.2      0.4446E+00
12242.0      0.4450E+00
12294.8      0.4490E+00
12347.6      0.4528E+00
12400.4      0.4531E+00
12453.2      0.4504E+00
12506.0      0.4486E+00
12558.8      0.4502E+00
12611.6      0.4545E+00
12664.4      0.4580E+00
12717.2      0.4576E+00
12770.0      0.4552E+00
12822.8      0.4525E+00
12875.6      0.4535E+00
12928.4      0.4566E+00
12981.2      0.4579E+00
13034.0      0.4553E+00
13086.8      0.4498E+00
13139.6      0.4456E+00
13192.4      0.4465E+00
13245.2      0.4531E+00
13298.0      0.4615E+00
13350.8      0.4648E+00
13403.6      0.4592E+00
13456.4      0.4487E+00
13509.2      0.4413E+00
13562.0      0.4419E+00
13614.8      0.4450E+00
13667.6      0.4404E+00
13720.4      0.4298E+00
13773.2      0.4268E+00
13826.0      0.4331E+00
13878.8      0.4283E+00
13931.6      0.4142E+00
13984.4      0.3492E+00
14037.2      0.1097E+00
14090.0      0.1955E-01       
