# from Michele Cirasuolo 02/02/2011
# HST WFPC3 F125W
10868.0      0.1053E-01
10901.0      0.2697E-01
10934.0      0.7075E-01
10967.0      0.1624E+00
11000.0      0.2696E+00
11033.0      0.3844E+00
11066.0      0.4244E+00
11099.0      0.4360E+00
11132.0      0.4403E+00
11165.0      0.4421E+00
11198.0      0.4428E+00
11231.0      0.4438E+00
11264.0      0.4440E+00
11297.0      0.4428E+00
11330.0      0.4406E+00
11363.0      0.4389E+00
11396.0      0.4399E+00
11429.0      0.4425E+00
11462.0      0.4430E+00
11495.0      0.4416E+00
11528.0      0.4393E+00
11561.0      0.4418E+00
11594.0      0.4480E+00
11627.0      0.4529E+00
11660.0      0.4530E+00
11693.0      0.4480E+00
11726.0      0.4442E+00
11759.0      0.4439E+00
11792.0      0.4458E+00
11825.0      0.4464E+00
11858.0      0.4440E+00
11891.0      0.4411E+00
11924.0      0.4405E+00
11957.0      0.4419E+00
11990.0      0.4441E+00
12023.0      0.4453E+00
12056.0      0.4448E+00
12089.0      0.4451E+00
12122.0      0.4465E+00
12155.0      0.4477E+00
12188.0      0.4471E+00
12221.0      0.4449E+00
12254.0      0.4426E+00
12287.0      0.4437E+00
12320.0      0.4466E+00
12353.0      0.4511E+00
12386.0      0.4525E+00
12419.0      0.4514E+00
12452.0      0.4498E+00
12485.0      0.4505E+00
12518.0      0.4527E+00
12551.0      0.4537E+00
12584.0      0.4518E+00
12617.0      0.4476E+00
12650.0      0.4441E+00
12683.0      0.4437E+00
12716.0      0.4466E+00
12749.0      0.4517E+00
12782.0      0.4554E+00
12815.0      0.4575E+00
12848.0      0.4578E+00
12881.0      0.4565E+00
12914.0      0.4533E+00
12947.0      0.4484E+00
12980.0      0.4435E+00
13013.0      0.4379E+00
13046.0      0.4371E+00
13079.0      0.4409E+00
13112.0      0.4479E+00
13145.0      0.4539E+00
13178.0      0.4598E+00
13211.0      0.4621E+00
13244.0      0.4625E+00
13277.0      0.4621E+00
13310.0      0.4611E+00
13343.0      0.4566E+00
13376.0      0.4504E+00
13409.0      0.4444E+00
13442.0      0.4406E+00
13475.0      0.4404E+00
13508.0      0.4443E+00
13541.0      0.4496E+00
13574.0      0.4547E+00
13607.0      0.4587E+00
13640.0      0.4599E+00
13673.0      0.4609E+00
13706.0      0.4605E+00
13739.0      0.4589E+00
13772.0      0.4550E+00
13805.0      0.4492E+00
13838.0      0.4383E+00
13871.0      0.4343E+00
13904.0      0.4415E+00
13937.0      0.4358E+00
13970.0      0.3721E+00
14003.0      0.1990E+00
14036.0      0.7672E-01
14069.0      0.2816E-01
14102.0      0.1092E-01
14135.0      0.5367E-02
