# from Michele Cirasuolo 02/02/2011
# HST WFPC3 F160W
13871.6      0.8043E-02
13903.2      0.1793E-01
13934.8      0.4780E-01
13966.4      0.1243E+00
13998.0      0.2690E+00
14029.6      0.3854E+00
14061.2      0.4290E+00
14092.8      0.4305E+00
14124.4      0.4280E+00
14156.0      0.4296E+00
14187.6      0.4366E+00
14219.2      0.4473E+00
14250.8      0.4558E+00
14282.4      0.4604E+00
14314.0      0.4601E+00
14345.6      0.4594E+00
14377.2      0.4593E+00
14408.8      0.4596E+00
14440.4      0.4591E+00
14472.0      0.4574E+00
14503.6      0.4536E+00
14535.2      0.4506E+00
14566.8      0.4485E+00
14598.4      0.4487E+00
14630.0      0.4518E+00
14661.6      0.4560E+00
14693.2      0.4589E+00
14724.8      0.4590E+00
14756.4      0.4563E+00
14788.0      0.4506E+00
14819.6      0.4453E+00
14851.2      0.4416E+00
14882.8      0.4411E+00
14914.4      0.4436E+00
14946.0      0.4478E+00
14977.6      0.4535E+00
15009.2      0.4581E+00
15040.8      0.4616E+00
15072.4      0.4634E+00
15104.0      0.4647E+00
15135.6      0.4648E+00
15167.2      0.4631E+00
15198.8      0.4602E+00
15230.4      0.4562E+00
15262.0      0.4510E+00
15293.6      0.4457E+00
15325.2      0.4417E+00
15356.8      0.4403E+00
15388.4      0.4417E+00
15420.0      0.4428E+00
15451.6      0.4504E+00
15483.2      0.4555E+00
15514.8      0.4580E+00
15546.4      0.4588E+00
15578.0      0.4584E+00
15609.6      0.4578E+00
15641.2      0.4575E+00
15672.8      0.4580E+00
15704.4      0.4582E+00
15736.0      0.4584E+00
15767.6      0.4576E+00
15799.2      0.4559E+00
15830.8      0.4545E+00
15862.4      0.4529E+00
15894.0      0.4517E+00
15925.6      0.4508E+00
15957.2      0.4494E+00
15988.8      0.4470E+00
16020.4      0.4426E+00
16052.0      0.4372E+00
16083.6      0.4329E+00
16115.2      0.4299E+00
16146.8      0.4287E+00
16178.4      0.4287E+00
16210.0      0.4290E+00
16241.6      0.4281E+00
16273.2      0.4242E+00
16304.8      0.4182E+00
16336.4      0.4103E+00
16368.0      0.4032E+00
16399.6      0.4001E+00
16431.2      0.4005E+00
16462.8      0.4047E+00
16494.4      0.4099E+00
16526.0      0.4129E+00
16557.6      0.4113E+00
16589.2      0.4056E+00
16620.8      0.3988E+00
16652.4      0.3956E+00
16684.0      0.3946E+00
16715.6      0.3928E+00
16747.2      0.3841E+00
16778.8      0.3706E+00
16810.4      0.3591E+00
16842.0      0.3257E+00
16873.6      0.2097E+00
16905.2      0.8580E-01
16936.8      0.2896E-01
16968.4      0.1063E-01
17000.0      0.7248E-02
