# from Michele Cirasuolo 27/10/2011
#     F814W + WFPC2 normalized
      6789.87     0.00000
      6814.87     0.00012
      6839.87     0.00036
      6864.87     0.00097
      6889.87     0.00238
      6914.87     0.00422
      6939.87     0.00915
      6964.87     0.02064
      6989.87     0.04541
      7014.87     0.09749
      7039.87     0.20478
      7064.87     0.39668
      7089.87     0.65458
      7114.87     0.86775
      7139.87     0.96685
      7164.87     0.99114
      7189.87     0.99367
      7214.87     0.99614
      7239.87     0.99953
      7264.87     0.99944
      7289.87     0.99232
      7314.87     0.97707
      7339.87     0.95629
      7364.87     0.93370
      7389.87     0.91218
      7414.87     0.89328
      7439.87     0.87899
      7464.87     0.86850
      7489.87     0.86214
      7514.87     0.85742
      7539.87     0.85389
      7564.87     0.85097
      7589.87     0.84705
      7614.87     0.84215
      7639.87     0.83640
      7664.87     0.82904
      7689.87     0.82088
      7714.87     0.81182
      7739.87     0.80217
      7764.87     0.79176
      7789.87     0.78122
      7814.87     0.77012
      7839.87     0.75895
      7864.87     0.74779
      7889.87     0.73570
      7914.87     0.72432
      7939.87     0.71296
      7964.87     0.70233
      7989.87     0.69126
      8014.87     0.67752
      8039.87     0.66469
      8064.87     0.65299
      8089.87     0.64168
      8114.87     0.63030
      8139.87     0.61983
      8164.87     0.60981
      8189.87     0.59872
      8214.87     0.58789
      8239.87     0.57707
      8264.87     0.56631
      8289.87     0.55413
      8314.87     0.54292
      8339.87     0.53222
      8364.87     0.52388
      8389.87     0.51927
      8414.87     0.51270
      8439.87     0.50671
      8464.87     0.50067
      8489.87     0.49427
      8514.87     0.48672
      8539.87     0.47882
      8564.87     0.47065
      8589.87     0.46074
      8614.87     0.45191
      8639.87     0.44246
      8664.87     0.43186
      8689.87     0.42143
      8714.87     0.41057
      8739.87     0.40042
      8764.87     0.39071
      8789.87     0.38055
      8814.87     0.37149
      8839.87     0.36276
      8864.87     0.35559
      8889.87     0.34778
      8914.87     0.34145
      8939.87     0.33542
      8964.87     0.33014
      8989.87     0.32467
      9014.87     0.32099
      9039.87     0.31743
      9064.87     0.31313
      9089.87     0.30933
      9114.87     0.30541
      9139.87     0.30096
      9164.87     0.29571
      9189.87     0.28963
      9214.87     0.28286
      9239.87     0.27539
      9264.87     0.26707
      9289.87     0.25852
      9314.87     0.24937
      9339.87     0.24053
      9364.87     0.23144
      9389.87     0.22267
      9414.87     0.21401
      9439.87     0.20519
      9464.87     0.19512
      9489.87     0.18396
      9514.87     0.17140
      9539.87     0.15674
      9564.87     0.13803
      9589.87     0.11632
      9614.87     0.09327
      9639.87     0.07102
      9664.87     0.05277
      9689.87     0.03810
      9714.87     0.02735
      9739.87     0.01951
      9764.87     0.01391
      9789.87     0.00989
      9814.87     0.00703
      9839.87     0.00506
      9864.87     0.00364
      9889.87     0.00266
      9914.87     0.00206
      9939.87     0.00157
      9964.87     0.00116
      9989.87     0.00085
     10014.87     0.00066
     10039.87     0.00051
     10064.87     0.00041
     10089.87     0.00032
     10114.87     0.00026
     10139.87     0.00021
     10164.87     0.00017
     10189.87     0.00013
     10214.87     0.00011
     10239.87     0.00009
     10264.87     0.00007
     10289.87     0.00006
     10314.87     0.00000
